# This file uses centimeters as units for non-parametric coordinates.

mtllib leftwheelcar.mtl
g default
v -95.699669 35.544399 67.358498
v -97.935776 37.194099 67.792397
v -97.935776 32.233898 76.475899
v -95.699669 31.022100 75.275299
v -102.860672 37.194099 67.792397
v -102.860672 32.233898 76.475899
v -105.096771 35.555099 67.361298
v -105.096771 31.030100 75.283096
v -105.831169 32.686600 66.606796
v -105.831169 28.923100 73.195503
v -104.941376 29.818100 65.852402
v -103.496765 27.025999 65.117996
v -103.496765 24.765301 69.075798
v -104.941269 26.816099 71.107803
v -97.299667 27.025999 65.117996
v -95.855072 29.827999 65.855003
v -95.855072 26.823400 71.114998
v -97.299667 24.765301 69.075798
v -94.911171 32.686199 66.606697
v -94.911171 28.922701 73.195198
v -97.935776 23.596500 81.515999
v -95.699669 23.147400 79.870300
v -102.860672 23.596500 81.515999
v -105.096771 23.150299 79.881104
v -105.831169 22.369400 77.019600
v -103.496765 20.828501 71.373001
v -104.941376 21.588600 74.158203
v -95.855072 21.591299 74.168098
v -97.299667 20.828501 71.373001
v -94.911171 22.369301 77.019203
v -97.935776 13.596200 81.562103
v -95.699669 14.030200 79.912399
v -102.860672 13.596200 81.562103
v -105.096771 14.027300 79.923103
v -105.831169 14.781800 77.054604
v -103.496765 16.270599 71.393997
v -104.941376 15.536300 74.186096
v -95.855072 15.533700 74.195999
v -97.299667 16.270599 71.393997
v -94.911171 14.781900 77.054199
v -97.935776 4.911900 76.601898
v -95.699669 6.112700 75.390099
v -102.860672 4.911900 76.601898
v -105.096771 6.104900 75.398003
v -105.831169 8.192800 73.291100
v -103.496765 12.312700 69.133301
v -104.941376 10.280600 71.184097
v -95.855072 10.273400 71.191399
v -97.299667 12.312700 69.133301
v -94.911171 8.193100 73.290703
v -97.935776 -0.128600 67.964500
v -95.699669 1.517200 67.515404
v -102.860672 -0.128600 67.964500
v -105.096771 1.506400 67.518303
v -105.831169 4.368200 66.737396
v -103.496765 10.015400 65.196503
v -104.941376 7.230000 65.956497
v -95.855072 7.220100 65.959198
v -97.299667 10.015400 65.196503
v -94.911171 4.368600 66.737297
v -97.935776 -0.174700 57.964199
v -95.699669 1.475100 58.398102
v -102.860672 -0.174700 57.964199
v -105.096771 1.464300 58.395199
v -105.831169 4.333200 59.149700
v -103.496765 9.994400 60.638500
v -104.941376 7.202100 59.904202
v -95.855072 7.192100 59.901600
v -97.299667 9.994400 60.638500
v -94.911270 4.333600 59.149799
v -97.935776 4.785900 49.280602
v -95.699669 5.997900 50.481300
v -102.860672 4.785900 49.280602
v -105.096771 5.989900 50.473400
v -105.831169 8.097200 52.561100
v -103.496765 12.255300 56.680698
v -104.941376 10.204400 54.648701
v -95.855072 10.197100 54.641499
v -97.299667 12.255300 56.680698
v -94.911171 8.097500 52.561401
v -97.935776 13.424200 44.240601
v -95.699669 13.873300 45.886200
v -102.860672 13.424200 44.240601
v -105.096771 13.870300 45.875500
v -105.831169 14.651200 48.736900
v -103.496765 16.192200 54.383598
v -104.941376 15.432100 51.598400
v -95.855072 15.429400 51.588501
v -97.299667 16.192200 54.383499
v -94.911171 14.651400 48.737400
v -97.935776 23.424400 44.194500
v -95.699669 22.990499 45.844200
v -102.860672 23.424400 44.194500
v -105.096771 22.993299 45.833401
v -105.831169 22.238899 48.702000
v -103.496765 20.750099 54.362499
v -104.941376 21.484400 51.570499
v -95.855072 21.487000 51.560600
v -97.299667 20.750099 54.362499
v -94.911171 22.238800 48.702400
v -97.935776 32.107899 49.154701
v -95.699669 30.907301 50.366402
v -102.860672 32.107899 49.154701
v -105.096771 30.915100 50.358501
v -105.831169 28.827499 52.465500
v -103.496765 24.707800 56.623299
v -104.941269 26.739799 54.572498
v -95.855072 26.747000 54.565201
v -97.299667 24.707800 56.623299
v -94.911171 28.827200 52.465801
v -97.935776 37.147999 57.792099
v -95.699669 35.502300 58.241199
v -102.860672 37.147999 57.792099
v -105.096771 35.513100 58.238300
v -105.831169 32.651600 59.019199
v -103.496765 27.004999 60.560101
v -104.941269 29.790199 59.799999
v -95.855072 29.800100 59.797298
v -97.299667 27.004999 60.560101
v -94.911171 32.651199 59.019299
v -96.686768 12.681400 57.000900
v -97.363770 16.731899 61.014900
v -97.363770 16.061300 63.582001
v -96.686768 10.545700 60.739399
v -96.686768 10.565600 65.044899
v -96.686768 10.809500 65.034302
v -96.686768 24.498301 68.709396
v -96.686768 26.633801 64.970802
v -96.686768 20.779600 70.879303
v -96.686768 16.474199 70.899101
v -96.686768 12.735600 68.763603
v -96.686768 16.400101 54.831001
v -96.686768 20.705500 54.811100
v -96.686768 24.444099 56.946701
v -96.686768 26.614000 60.665401
v -97.363770 17.929899 65.433502
v -97.363770 19.275801 60.316200
v -97.363770 21.161301 62.172100
v -97.363770 20.490601 64.739197
v -104.894272 28.085501 65.396698
v -104.138870 27.531900 65.251099
v -104.138969 25.136801 69.444000
v -104.894272 25.543501 69.846901
v -104.138969 20.966200 71.877602
v -104.894165 21.116899 72.429901
v -104.138870 16.137600 71.899902
v -104.894272 15.992000 72.453499
v -104.138969 11.944600 69.504799
v -104.894272 11.541600 69.911499
v -104.138969 9.510800 65.334198
v -104.894272 8.958500 65.484901
v -104.138969 9.488500 60.505501
v -104.894272 8.934800 60.359901
v -104.138969 11.883800 56.312599
v -104.894272 11.477100 55.909698
v -104.138969 16.054501 53.879002
v -104.894272 15.903800 53.326698
v -104.138969 20.883101 53.856701
v -104.894272 21.028700 53.303101
v -104.138870 25.076000 56.251801
v -104.894165 25.478901 55.845100
v -104.138870 27.509600 60.422401
v -104.894165 28.061899 60.271702
v -108.413071 20.757601 65.104897
v -107.289276 23.075300 67.401398
v -107.289276 24.725300 64.512901
v -108.413071 21.569901 63.682999
v -108.413071 19.343201 65.930298
v -107.289276 20.202200 69.077904
v -108.413071 17.705700 65.937798
v -107.289276 16.875799 69.093201
v -108.413071 16.283701 65.125603
v -107.289276 13.987200 67.443298
v -108.413071 15.458400 63.711201
v -107.289276 12.310700 64.570099
v -108.413071 15.450800 62.073601
v -107.289276 12.295300 61.243698
v -108.413071 16.263100 60.651600
v -107.289276 13.945300 58.355202
v -108.413071 17.677500 59.826302
v -107.289276 16.818501 56.678699
v -108.413071 19.315100 59.818699
v -107.289276 20.145000 56.663300
v -108.413071 20.737000 60.631001
v -107.289276 23.033400 58.313301
v -108.413071 21.562300 62.045399
v -107.289276 24.709900 61.186401
v -104.635269 26.223900 70.521103
v -104.635269 29.011900 65.640404
v -104.635269 28.986000 60.019501
v -104.635269 26.153099 55.164700
v -104.635269 21.272400 52.376701
v -104.635269 15.651600 52.402599
v -104.635269 10.796600 55.235500
v -104.635269 8.008300 60.116199
v -104.635269 8.034200 65.737099
v -104.635269 10.867400 70.591904
v -104.635269 15.748300 73.379898
v -104.635269 21.369101 73.353996
v -107.350067 20.181801 64.534401
v -107.350067 20.785900 63.476799
v -105.728271 20.785900 63.476799
v -105.728271 20.181801 64.534401
v -107.350067 19.129801 65.148300
v -105.728271 19.129801 65.148300
v -107.350067 17.911900 65.153900
v -105.728271 17.911900 65.153900
v -107.350067 16.854200 64.549797
v -105.728271 16.854200 64.549797
v -107.350067 16.240400 63.497799
v -105.728271 16.240400 63.497799
v -107.350067 16.234800 62.279800
v -105.728271 16.234800 62.279800
v -107.350067 16.838900 61.222099
v -105.728271 16.838900 61.222099
v -107.350067 17.890900 60.608299
v -105.728271 17.890900 60.608299
v -107.350067 19.108900 60.602699
v -105.728271 19.108900 60.602699
v -107.350067 20.166500 61.206799
v -105.728271 20.166500 61.206799
v -107.350067 20.780300 62.258801
v -105.728271 20.780300 62.258801
v -105.481873 24.687401 68.998703
v -105.481873 20.799700 71.267303
v -105.481873 16.298500 71.288002
v -105.481873 12.389900 69.055397
v -105.481873 10.121100 65.167603
v -105.481873 10.100400 60.666401
v -105.481873 12.333200 56.757900
v -105.481873 16.221001 54.489300
v -105.481873 20.722200 54.468498
v -105.481873 24.630699 56.701199
v -105.481873 26.899300 60.588902
v -105.481873 26.920099 65.090202
v -105.728271 20.222700 63.328701
v -105.728271 19.768101 64.124496
v -105.728271 18.976500 64.586403
v -105.728271 18.059999 64.590599
v -105.728271 17.264200 64.136002
v -105.728271 16.802299 63.344398
v -105.728271 16.798000 62.427898
v -105.728271 17.252600 61.632099
v -105.728271 18.044201 61.170200
v -105.728271 18.960699 61.165901
v -105.728271 19.756500 61.620499
v -105.728271 20.218500 62.412102
v -109.366272 20.222700 63.328701
v -109.366272 19.768101 64.124496
v -109.366272 18.976500 64.586403
v -109.366272 18.059999 64.590599
v -109.366272 17.264200 64.136002
v -109.366272 16.802299 63.344398
v -109.366272 16.798000 62.427898
v -109.366272 17.252600 61.632099
v -109.366272 18.044201 61.170200
v -109.366272 18.960699 61.165901
v -109.366272 19.756500 61.620499
v -109.366272 20.218500 62.412102
v -109.842270 18.510401 62.878300
vt 0.108000 0.606000
vt 0.115400 0.605900
vt 0.115400 0.625000
vt 0.108000 0.624900
vt 0.125300 0.606100
vt 0.125300 0.625600
vt 0.134000 0.606500
vt 0.134000 0.626000
vt 0.044400 0.484300
vt 0.057000 0.477300
vt 0.060900 0.481200
vt 0.046100 0.489700
vt 0.043000 0.479000
vt 0.041900 0.473700
vt 0.049300 0.469500
vt 0.053100 0.473400
vt 0.215100 0.617500
vt 0.213700 0.622700
vt 0.204000 0.617100
vt 0.207800 0.613300
vt 0.212300 0.628000
vt 0.200200 0.621000
vt 0.115400 0.644200
vt 0.107900 0.644000
vt 0.125300 0.644900
vt 0.134000 0.645400
vt 0.064100 0.465100
vt 0.069400 0.466500
vt 0.053600 0.462200
vt 0.058800 0.463600
vt 0.198400 0.607500
vt 0.203500 0.606100
vt 0.193100 0.608900
vt 0.115400 0.663400
vt 0.107900 0.663300
vt 0.125300 0.664100
vt 0.134000 0.664500
vt 0.064200 0.450900
vt 0.069500 0.449500
vt 0.053600 0.453700
vt 0.058800 0.452300
vt 0.198300 0.596300
vt 0.203500 0.597700
vt 0.193100 0.594900
vt 0.115300 0.682800
vt 0.107900 0.682700
vt 0.125200 0.683300
vt 0.134000 0.683600
vt 0.057100 0.438600
vt 0.061000 0.434700
vt 0.049400 0.446300
vt 0.053200 0.442500
vt 0.203900 0.586600
vt 0.207700 0.590400
vt 0.200000 0.582800
vt 0.115300 0.702300
vt 0.107900 0.702400
vt 0.125200 0.702600
vt 0.133900 0.702700
vt 0.044900 0.431500
vt 0.046300 0.426100
vt 0.042000 0.442000
vt 0.043400 0.436800
vt 0.213600 0.581000
vt 0.215000 0.586100
vt 0.212200 0.575700
vt 0.115300 0.721800
vt 0.107900 0.721900
vt 0.125200 0.721900
vt 0.134000 0.721900
vt 0.030700 0.431400
vt 0.029300 0.426100
vt 0.033500 0.442000
vt 0.032100 0.436800
vt 0.224800 0.580900
vt 0.223400 0.586100
vt 0.226200 0.575600
vt 0.115400 0.741300
vt 0.107900 0.741300
vt 0.125200 0.741300
vt 0.134000 0.741100
vt 0.018500 0.438400
vt 0.014500 0.434500
vt 0.026200 0.446200
vt 0.022400 0.442400
vt 0.234400 0.586400
vt 0.230700 0.590200
vt 0.238300 0.582600
vt 0.115400 0.761100
vt 0.107900 0.760000
vt 0.125300 0.761200
vt 0.134000 0.759900
vt 0.011400 0.450700
vt 0.006000 0.449200
vt 0.021900 0.453500
vt 0.016700 0.452100
vt 0.240100 0.596100
vt 0.234900 0.597500
vt 0.245300 0.594700
vt 0.107900 0.530200
vt 0.115400 0.528300
vt 0.115400 0.548100
vt 0.107900 0.548800
vt 0.125300 0.527700
vt 0.125300 0.547600
vt 0.134000 0.528800
vt 0.134000 0.547600
vt 0.011300 0.464800
vt 0.005900 0.466200
vt 0.021900 0.462000
vt 0.016600 0.463400
vt 0.240100 0.607300
vt 0.234900 0.605900
vt 0.245400 0.608700
vt 0.115400 0.567500
vt 0.108000 0.568000
vt 0.125300 0.567100
vt 0.134000 0.567100
vt 0.018300 0.477100
vt 0.014400 0.481000
vt 0.026100 0.469400
vt 0.022200 0.473200
vt 0.234600 0.617000
vt 0.230800 0.613200
vt 0.238500 0.620800
vt 0.115400 0.586700
vt 0.108000 0.587000
vt 0.125300 0.586600
vt 0.134000 0.586800
vt 0.030200 0.484200
vt 0.029100 0.489600
vt 0.033400 0.473700
vt 0.031700 0.478900
vt 0.224900 0.622600
vt 0.223500 0.617500
vt 0.226400 0.627900
vt 0.211000 0.633200
vt 0.196300 0.624900
vt 0.187900 0.610400
vt 0.187800 0.593500
vt 0.196200 0.578900
vt 0.210800 0.570400
vt 0.227600 0.570400
vt 0.242200 0.578700
vt 0.250600 0.593200
vt 0.250700 0.610100
vt 0.242300 0.624700
vt 0.227800 0.633200
vt 0.230100 0.591000
vt 0.222700 0.598500
vt 0.217900 0.597300
vt 0.223200 0.587100
vt 0.215200 0.587100
vt 0.215300 0.587600
vt 0.208500 0.612900
vt 0.215400 0.616800
vt 0.204500 0.606000
vt 0.204400 0.598000
vt 0.208400 0.591100
vt 0.234100 0.597900
vt 0.234100 0.605800
vt 0.230200 0.612800
vt 0.223300 0.616800
vt 0.214500 0.600700
vt 0.224000 0.603200
vt 0.220500 0.606700
vt 0.215800 0.605500
vt 0.149800 0.423700
vt 0.149500 0.422700
vt 0.157100 0.418300
vt 0.157800 0.419100
vt 0.161500 0.410800
vt 0.162500 0.411100
vt 0.161500 0.402100
vt 0.162500 0.401800
vt 0.157200 0.394500
vt 0.157900 0.393700
vt 0.149600 0.390100
vt 0.149900 0.389100
vt 0.140900 0.390000
vt 0.140600 0.389000
vt 0.133300 0.394400
vt 0.132600 0.393600
vt 0.128900 0.401900
vt 0.127900 0.401600
vt 0.128900 0.410600
vt 0.127900 0.410900
vt 0.133200 0.418200
vt 0.132500 0.419000
vt 0.140800 0.422600
vt 0.140500 0.423600
vt 0.149300 0.410400
vt 0.153400 0.414600
vt 0.148200 0.417600
vt 0.146700 0.411900
vt 0.150700 0.407900
vt 0.156400 0.409400
vt 0.150800 0.404900
vt 0.156500 0.403400
vt 0.149300 0.402300
vt 0.153500 0.398200
vt 0.146700 0.400800
vt 0.148300 0.395100
vt 0.143800 0.400800
vt 0.142300 0.395100
vt 0.141200 0.402300
vt 0.137000 0.398100
vt 0.139700 0.404800
vt 0.134000 0.403300
vt 0.139700 0.407800
vt 0.134000 0.409300
vt 0.141200 0.410400
vt 0.137000 0.414500
vt 0.143700 0.411900
vt 0.142200 0.417600
vt 0.159000 0.420300
vt 0.150200 0.425400
vt 0.140000 0.425300
vt 0.131300 0.420200
vt 0.126200 0.411300
vt 0.126300 0.401200
vt 0.131400 0.392400
vt 0.140200 0.387400
vt 0.150400 0.387400
vt 0.159200 0.392500
vt 0.164200 0.401400
vt 0.164200 0.411500
vt 0.148100 0.409300
vt 0.146300 0.410300
vt 0.146100 0.409700
vt 0.147700 0.408800
vt 0.149200 0.407400
vt 0.148600 0.407300
vt 0.149200 0.405300
vt 0.148600 0.405500
vt 0.148200 0.403400
vt 0.147700 0.403900
vt 0.146300 0.402400
vt 0.146100 0.403000
vt 0.144200 0.402400
vt 0.144300 0.403000
vt 0.142300 0.403400
vt 0.142800 0.403900
vt 0.141200 0.405300
vt 0.141900 0.405400
vt 0.141200 0.407400
vt 0.141900 0.407200
vt 0.142300 0.409300
vt 0.142800 0.408800
vt 0.144100 0.410300
vt 0.144300 0.409700
vt 0.156300 0.417500
vt 0.160400 0.410500
vt 0.160400 0.402300
vt 0.156400 0.395300
vt 0.149300 0.391200
vt 0.141200 0.391100
vt 0.134100 0.395200
vt 0.130100 0.402200
vt 0.130000 0.410400
vt 0.134000 0.417400
vt 0.141100 0.421500
vt 0.149200 0.421600
vt 0.145800 0.408600
vt 0.146800 0.408000
vt 0.147400 0.407000
vt 0.147400 0.405800
vt 0.146900 0.404700
vt 0.145800 0.404100
vt 0.144600 0.404100
vt 0.143600 0.404700
vt 0.143000 0.405700
vt 0.143000 0.406900
vt 0.143600 0.408000
vt 0.144600 0.408600
vt 0.145600 0.407900
vt 0.146400 0.407500
vt 0.146800 0.406800
vt 0.146800 0.405900
vt 0.146400 0.405200
vt 0.145700 0.404800
vt 0.144800 0.404800
vt 0.144100 0.405200
vt 0.143600 0.405900
vt 0.143600 0.406800
vt 0.144100 0.407500
vt 0.144800 0.407900
vt 0.145200 0.406300
vn 0.593206 0.699040 0.399312
vn 0.593208 0.699039 0.399310
vn 0.593214 0.699038 0.399304
vn 0.593216 0.699037 0.399302
vn 0.000000 0.967099 0.254400
vn 0.000000 0.967099 0.254400
vn 0.000000 0.710399 0.703799
vn 0.000000 0.710399 0.703799
vn -0.603989 0.770786 0.202696
vn -0.603989 0.770786 0.202696
vn -0.604032 0.566130 0.560930
vn -0.604032 0.566130 0.560930
vn -0.999807 0.019000 0.005000
vn -0.999808 0.013900 0.013800
vn -0.970677 0.232494 0.061099
vn -0.970688 0.170698 0.169198
vn -0.934372 -0.344590 -0.090597
vn -0.894283 -0.432792 -0.113798
vn -0.934370 -0.253092 -0.250792
vn -0.894302 -0.317901 -0.314901
vn 0.894936 -0.431517 -0.113505
vn 0.930888 -0.353295 -0.092899
vn 0.894903 -0.317001 -0.314101
vn 0.930893 -0.259498 -0.257098
vn 0.999743 0.021901 0.005800
vn 0.999744 0.016101 0.015901
vn 0.930888 -0.353295 -0.092899
vn 0.930893 -0.259498 -0.257098
vn 0.606502 0.564802 0.559602
vn 0.606502 0.564802 0.559602
vn 0.606519 0.209307 0.767024
vn 0.606519 0.209307 0.767024
vn 0.000000 0.710399 0.703799
vn 0.000000 0.710399 0.703799
vn 0.000000 0.263304 0.964713
vn 0.000000 0.263304 0.964713
vn -0.604032 0.566130 0.560930
vn -0.604032 0.566130 0.560930
vn -0.603988 0.209796 0.768885
vn -0.603988 0.209796 0.768885
vn -0.999808 0.013900 0.013800
vn -0.999808 0.005200 0.018900
vn -0.970688 0.170698 0.169198
vn -0.970679 0.063299 0.231895
vn -0.934370 -0.253092 -0.250792
vn -0.894302 -0.317901 -0.314901
vn -0.934385 -0.093799 -0.343695
vn -0.894294 -0.117799 -0.431697
vn 0.894903 -0.317001 -0.314101
vn 0.930893 -0.259498 -0.257098
vn 0.894908 -0.117501 -0.430504
vn 0.930893 -0.096199 -0.352397
vn 0.999744 0.016101 0.015901
vn 0.999744 0.006000 0.021801
vn 0.930893 -0.259498 -0.257098
vn 0.930893 -0.096199 -0.352397
vn 0.606519 0.209307 0.767024
vn 0.606519 0.209307 0.767024
vn 0.606520 -0.202207 0.768925
vn 0.606520 -0.202207 0.768925
vn 0.000000 0.263304 0.964713
vn 0.000000 0.263304 0.964713
vn 0.000000 -0.254306 0.967124
vn 0.000000 -0.254306 0.967124
vn -0.603988 0.209796 0.768885
vn -0.603988 0.209796 0.768885
vn -0.603989 -0.202696 0.770786
vn -0.603989 -0.202696 0.770786
vn -0.999808 0.005200 0.018900
vn -0.999807 -0.005000 0.019000
vn -0.970679 0.063299 0.231895
vn -0.970677 -0.061099 0.232494
vn -0.934385 -0.093799 -0.343695
vn -0.894294 -0.117799 -0.431697
vn -0.934372 0.090597 -0.344590
vn -0.894283 0.113798 -0.432792
vn 0.894908 -0.117501 -0.430504
vn 0.930893 -0.096199 -0.352397
vn 0.894936 0.113505 -0.431517
vn 0.930888 0.092899 -0.353295
vn 0.999744 0.006000 0.021801
vn 0.999743 -0.005800 0.021901
vn 0.930893 -0.096199 -0.352397
vn 0.930888 0.092899 -0.353295
vn 0.606520 -0.202207 0.768925
vn 0.606520 -0.202207 0.768925
vn 0.606502 -0.559602 0.564802
vn 0.606502 -0.559602 0.564802
vn 0.000000 -0.254306 0.967124
vn 0.000000 -0.254306 0.967124
vn 0.000000 -0.703799 0.710399
vn 0.000000 -0.703799 0.710399
vn -0.603989 -0.202696 0.770786
vn -0.603989 -0.202696 0.770786
vn -0.604032 -0.560930 0.566130
vn -0.603998 -0.560898 0.566198
vn -0.999807 -0.005000 0.019000
vn -0.999808 -0.013800 0.013900
vn -0.970677 -0.061099 0.232494
vn -0.970688 -0.169198 0.170698
vn -0.934372 0.090597 -0.344590
vn -0.894283 0.113798 -0.432792
vn -0.934394 0.250698 -0.253098
vn -0.894302 0.314901 -0.317901
vn 0.894936 0.113505 -0.431517
vn 0.930888 0.092899 -0.353295
vn 0.894931 0.314011 -0.317011
vn 0.930893 0.257098 -0.259498
vn 0.999743 -0.005800 0.021901
vn 0.999744 -0.015901 0.016101
vn 0.930888 0.092899 -0.353295
vn 0.930893 0.257098 -0.259498
vn 0.606502 -0.559602 0.564802
vn 0.606502 -0.559602 0.564802
vn 0.606582 -0.766977 0.209294
vn 0.606582 -0.766977 0.209294
vn 0.000000 -0.703799 0.710399
vn 0.000000 -0.703799 0.710399
vn 0.000000 -0.964713 0.263304
vn 0.000000 -0.964713 0.263304
vn -0.604032 -0.560930 0.566130
vn -0.603998 -0.560898 0.566198
vn -0.604035 -0.768844 0.209812
vn -0.604035 -0.768844 0.209812
vn -0.999808 -0.013800 0.013900
vn -0.999808 -0.018900 0.005200
vn -0.970688 -0.169198 0.170698
vn -0.970679 -0.231895 0.063299
vn -0.934394 0.250698 -0.253098
vn -0.894302 0.314901 -0.317901
vn -0.934385 0.343695 -0.093799
vn -0.894294 0.431697 -0.117799
vn 0.894931 0.314011 -0.317011
vn 0.930893 0.257098 -0.259498
vn 0.894946 0.430422 -0.117506
vn 0.930893 0.352397 -0.096199
vn 0.999744 -0.015901 0.016101
vn 0.999744 -0.021801 0.006000
vn 0.930893 0.257098 -0.259498
vn 0.930893 0.352397 -0.096199
vn 0.606582 -0.766977 0.209294
vn 0.606582 -0.766977 0.209294
vn 0.606583 -0.768879 -0.202194
vn 0.606583 -0.768879 -0.202194
vn 0.000000 -0.964713 0.263304
vn 0.000000 -0.964713 0.263304
vn -0.000000 -0.967099 -0.254400
vn -0.000000 -0.967099 -0.254400
vn -0.604035 -0.768844 0.209812
vn -0.604035 -0.768844 0.209812
vn -0.604036 -0.770746 -0.202712
vn -0.604036 -0.770746 -0.202712
vn -0.999808 -0.018900 0.005200
vn -0.999807 -0.019000 -0.005000
vn -0.970679 -0.231895 0.063299
vn -0.970699 -0.232400 -0.061100
vn -0.934385 0.343695 -0.093799
vn -0.894294 0.431697 -0.117799
vn -0.934404 0.344501 0.090600
vn -0.894321 0.432710 0.113803
vn 0.894946 0.430422 -0.117506
vn 0.930893 0.352397 -0.096199
vn 0.894936 0.431517 0.113505
vn 0.930921 0.353208 0.092902
vn 0.999744 -0.021801 0.006000
vn 0.999743 -0.021901 -0.005800
vn 0.930893 0.352397 -0.096199
vn 0.930921 0.353208 0.092902
vn 0.606583 -0.768879 -0.202194
vn 0.606583 -0.768879 -0.202194
vn 0.606600 -0.564700 -0.559600
vn 0.606600 -0.564700 -0.559600
vn -0.000000 -0.967099 -0.254400
vn -0.000000 -0.967099 -0.254400
vn -0.000000 -0.710300 -0.703900
vn -0.000000 -0.710300 -0.703900
vn -0.604036 -0.770746 -0.202712
vn -0.604036 -0.770746 -0.202712
vn -0.604032 -0.566130 -0.560930
vn -0.603998 -0.566098 -0.560998
vn -0.999807 -0.019000 -0.005000
vn -0.999808 -0.013900 -0.013800
vn -0.970699 -0.232400 -0.061100
vn -0.970688 -0.170698 -0.169198
vn -0.934404 0.344501 0.090600
vn -0.894321 0.432710 0.113803
vn -0.934370 0.253092 0.250792
vn -0.894303 0.317801 0.315001
vn 0.894936 0.431517 0.113505
vn 0.930921 0.353208 0.092902
vn 0.894903 0.317001 0.314101
vn 0.930893 0.259498 0.257098
vn 0.999743 -0.021901 -0.005800
vn 0.999744 -0.016101 -0.015901
vn 0.930921 0.353208 0.092902
vn 0.930893 0.259498 0.257098
vn 0.606600 -0.564700 -0.559600
vn 0.606600 -0.564700 -0.559600
vn 0.606519 -0.209307 -0.767024
vn 0.606519 -0.209307 -0.767024
vn -0.000000 -0.710300 -0.703900
vn -0.000000 -0.710300 -0.703900
vn -0.000000 -0.263304 -0.964713
vn -0.000000 -0.263304 -0.964713
vn -0.604032 -0.566130 -0.560930
vn -0.603998 -0.566098 -0.560998
vn -0.603988 -0.209796 -0.768885
vn -0.603988 -0.209796 -0.768885
vn -0.999808 -0.013900 -0.013800
vn -0.999808 -0.005200 -0.018900
vn -0.970688 -0.170698 -0.169198
vn -0.970679 -0.063299 -0.231895
vn -0.934370 0.253092 0.250792
vn -0.894303 0.317801 0.315001
vn -0.934385 0.093799 0.343695
vn -0.894294 0.117799 0.431697
vn 0.894903 0.317001 0.314101
vn 0.930893 0.259498 0.257098
vn 0.894908 0.117501 0.430504
vn 0.930893 0.096199 0.352397
vn 0.999744 -0.016101 -0.015901
vn 0.999744 -0.006000 -0.021801
vn 0.930893 0.259498 0.257098
vn 0.930893 0.096199 0.352397
vn 0.606519 -0.209307 -0.767024
vn 0.606519 -0.209307 -0.767024
vn 0.606520 0.202207 -0.768925
vn 0.606520 0.202207 -0.768925
vn -0.000000 -0.263304 -0.964713
vn -0.000000 -0.263304 -0.964713
vn -0.000000 0.254400 -0.967099
vn -0.000000 0.254400 -0.967099
vn -0.603988 -0.209796 -0.768885
vn -0.603988 -0.209796 -0.768885
vn -0.603989 0.202696 -0.770786
vn -0.603989 0.202696 -0.770786
vn -0.999808 -0.005200 -0.018900
vn -0.999807 0.005000 -0.019000
vn -0.970679 -0.063299 -0.231895
vn -0.970677 0.061099 -0.232494
vn -0.934385 0.093799 0.343695
vn -0.894294 0.117799 0.431697
vn -0.934372 -0.090597 0.344590
vn -0.894283 -0.113798 0.432792
vn 0.894908 0.117501 0.430504
vn 0.930893 0.096199 0.352397
vn 0.894936 -0.113505 0.431517
vn 0.930888 -0.092899 0.353295
vn 0.999744 -0.006000 -0.021801
vn 0.999743 0.005800 -0.021901
vn 0.930893 0.096199 0.352397
vn 0.930888 -0.092899 0.353295
vn 0.606520 0.202207 -0.768925
vn 0.606520 0.202207 -0.768925
vn 0.606502 0.559602 -0.564802
vn 0.606502 0.559602 -0.564802
vn -0.000000 0.254400 -0.967099
vn -0.000000 0.254400 -0.967099
vn -0.000000 0.703799 -0.710399
vn -0.000000 0.703799 -0.710399
vn -0.603989 0.202696 -0.770786
vn -0.603989 0.202696 -0.770786
vn -0.604032 0.560930 -0.566130
vn -0.604032 0.560930 -0.566130
vn -0.999807 0.005000 -0.019000
vn -0.999808 0.013800 -0.013900
vn -0.970677 0.061099 -0.232494
vn -0.970688 0.169198 -0.170698
vn -0.934372 -0.090597 0.344590
vn -0.894283 -0.113798 0.432792
vn -0.934370 -0.250792 0.253092
vn -0.894274 -0.314991 0.317891
vn 0.894936 -0.113505 0.431517
vn 0.930888 -0.092899 0.353295
vn 0.894903 -0.314101 0.317001
vn 0.930893 -0.257098 0.259498
vn 0.999743 0.005800 -0.021901
vn 0.999744 0.015901 -0.016101
vn 0.930888 -0.092899 0.353295
vn 0.930893 -0.257098 0.259498
vn 0.606502 0.559602 -0.564802
vn 0.606502 0.559602 -0.564802
vn 0.606519 0.767024 -0.209307
vn 0.606519 0.767024 -0.209307
vn -0.000000 0.703799 -0.710399
vn -0.000000 0.703799 -0.710399
vn -0.000000 0.964713 -0.263304
vn -0.000000 0.964713 -0.263304
vn -0.604032 0.560930 -0.566130
vn -0.604032 0.560930 -0.566130
vn -0.603988 0.768885 -0.209796
vn -0.603988 0.768885 -0.209796
vn -0.999808 0.013800 -0.013900
vn -0.999808 0.018900 -0.005200
vn -0.970688 0.169198 -0.170698
vn -0.970679 0.231895 -0.063299
vn -0.934370 -0.250792 0.253092
vn -0.894274 -0.314991 0.317891
vn -0.934385 -0.343695 0.093799
vn -0.894294 -0.431697 0.117799
vn 0.894903 -0.314101 0.317001
vn 0.930893 -0.257098 0.259498
vn 0.894908 -0.430504 0.117501
vn 0.930893 -0.352397 0.096199
vn 0.999744 0.015901 -0.016101
vn 0.999744 0.021801 -0.006000
vn 0.930893 -0.257098 0.259498
vn 0.930893 -0.352397 0.096199
vn 0.606519 0.767024 -0.209307
vn 0.606519 0.767024 -0.209307
vn 0.606520 0.768925 0.202207
vn 0.606520 0.768925 0.202207
vn -0.000000 0.964713 -0.263304
vn -0.000000 0.964713 -0.263304
vn 0.000000 0.967099 0.254400
vn 0.000000 0.967099 0.254400
vn -0.603988 0.768885 -0.209796
vn -0.603988 0.768885 -0.209796
vn -0.603989 0.770786 0.202696
vn -0.603989 0.770786 0.202696
vn -0.999808 0.018900 -0.005200
vn -0.999807 0.019000 0.005000
vn -0.970679 0.231895 -0.063299
vn -0.970677 0.232494 0.061099
vn -0.934385 -0.343695 0.093799
vn -0.894294 -0.431697 0.117799
vn -0.934372 -0.344590 -0.090597
vn -0.894283 -0.432792 -0.113798
vn 0.894908 -0.430504 0.117501
vn 0.930893 -0.352397 0.096199
vn 0.894936 -0.431517 -0.113505
vn 0.930888 -0.353295 -0.092899
vn 0.999744 0.021801 -0.006000
vn 0.999743 0.021901 0.005800
vn 0.930893 -0.352397 0.096199
vn 0.930888 -0.353295 -0.092899
vn -0.934372 -0.344590 -0.090597
vn -0.934370 -0.253092 -0.250792
vn -0.999807 0.019000 0.005000
vn -0.999808 0.013900 0.013800
vn -0.934370 -0.253092 -0.250792
vn -0.934385 -0.093799 -0.343695
vn -0.999808 0.013900 0.013800
vn -0.999808 0.005200 0.018900
vn -0.934385 -0.093799 -0.343695
vn -0.934372 0.090597 -0.344590
vn -0.999808 0.005200 0.018900
vn -0.999807 -0.005000 0.019000
vn -0.934372 0.090597 -0.344590
vn -0.934394 0.250698 -0.253098
vn -0.999807 -0.005000 0.019000
vn -0.999808 -0.013800 0.013900
vn -0.934394 0.250698 -0.253098
vn -0.934385 0.343695 -0.093799
vn -0.999808 -0.013800 0.013900
vn -0.999808 -0.018900 0.005200
vn -0.934385 0.343695 -0.093799
vn -0.934404 0.344501 0.090600
vn -0.999808 -0.018900 0.005200
vn -0.999807 -0.019000 -0.005000
vn -0.934404 0.344501 0.090600
vn -0.934370 0.253092 0.250792
vn -0.999807 -0.019000 -0.005000
vn -0.999808 -0.013900 -0.013800
vn -0.934370 0.253092 0.250792
vn -0.934385 0.093799 0.343695
vn -0.999808 -0.013900 -0.013800
vn -0.999808 -0.005200 -0.018900
vn -0.934385 0.093799 0.343695
vn -0.934372 -0.090597 0.344590
vn -0.999808 -0.005200 -0.018900
vn -0.999807 0.005000 -0.019000
vn -0.934372 -0.090597 0.344590
vn -0.934370 -0.250792 0.253092
vn -0.999807 0.005000 -0.019000
vn -0.999808 0.013800 -0.013900
vn -0.934370 -0.250792 0.253092
vn -0.934385 -0.343695 0.093799
vn -0.999808 0.013800 -0.013900
vn -0.999808 0.018900 -0.005200
vn -0.934385 -0.343695 0.093799
vn -0.934372 -0.344590 -0.090597
vn -0.999808 0.018900 -0.005200
vn -0.999807 0.019000 0.005000
vn 0.966202 0.249300 0.065600
vn 0.966213 0.183102 0.181402
vn 0.999743 0.021901 0.005800
vn 0.999744 0.016101 0.015901
vn 0.966213 0.183102 0.181402
vn 0.966198 0.067900 0.248699
vn 0.999744 0.016101 0.015901
vn 0.999744 0.006000 0.021801
vn 0.966198 0.067900 0.248699
vn 0.966202 -0.065600 0.249300
vn 0.999744 0.006000 0.021801
vn 0.999743 -0.005800 0.021901
vn 0.966202 -0.065600 0.249300
vn 0.966213 -0.181402 0.183102
vn 0.999743 -0.005800 0.021901
vn 0.999744 -0.015901 0.016101
vn 0.966213 -0.181402 0.183102
vn 0.966222 -0.248606 0.067902
vn 0.999744 -0.015901 0.016101
vn 0.999744 -0.021801 0.006000
vn 0.966222 -0.248606 0.067902
vn 0.966202 -0.249300 -0.065600
vn 0.999744 -0.021801 0.006000
vn 0.999743 -0.021901 -0.005800
vn 0.966202 -0.249300 -0.065600
vn 0.966213 -0.183102 -0.181402
vn 0.999743 -0.021901 -0.005800
vn 0.999744 -0.016101 -0.015901
vn 0.966213 -0.183102 -0.181402
vn 0.966198 -0.067900 -0.248699
vn 0.999744 -0.016101 -0.015901
vn 0.999744 -0.006000 -0.021801
vn 0.966198 -0.067900 -0.248699
vn 0.966202 0.065600 -0.249300
vn 0.999744 -0.006000 -0.021801
vn 0.999743 0.005800 -0.021901
vn 0.966202 0.065600 -0.249300
vn 0.966213 0.181402 -0.183102
vn 0.999743 0.005800 -0.021901
vn 0.999744 0.015901 -0.016101
vn 0.966213 0.181402 -0.183102
vn 0.966198 0.248699 -0.067900
vn 0.999744 0.015901 -0.016101
vn 0.999744 0.021801 -0.006000
vn 0.966198 0.248699 -0.067900
vn 0.966202 0.249300 0.065600
vn 0.999744 0.021801 -0.006000
vn 0.999743 0.021901 0.005800
vn 0.993597 0.082400 0.077300
vn 0.993699 0.083200 0.075100
vn 0.993887 0.105899 0.031200
vn 0.993392 0.108399 -0.037700
vn 0.997173 0.059498 -0.045899
vn 0.993887 0.105899 0.031200
vn 0.968962 0.007700 -0.247090
vn 0.993392 0.108399 -0.037700
vn 0.590591 0.565391 0.575791
vn 0.588595 0.584595 0.558395
vn 0.562699 0.797699 0.216900
vn 0.561883 0.802276 0.201594
vn 0.624776 0.194192 0.756270
vn 0.622477 0.221392 0.750672
vn 0.590591 0.565391 0.575791
vn 0.588595 0.584595 0.558395
vn 0.655011 -0.201303 0.728312
vn 0.653506 -0.180002 0.735207
vn 0.624776 0.194192 0.756270
vn 0.622477 0.221392 0.750672
vn 0.674921 -0.522916 0.520616
vn 0.674491 -0.514593 0.529393
vn 0.655011 -0.201303 0.728312
vn 0.653506 -0.180002 0.735207
vn 0.681483 -0.705982 0.192795
vn 0.681487 -0.706087 0.192396
vn 0.674921 -0.522916 0.520616
vn 0.674491 -0.514593 0.529393
vn 0.681483 -0.705982 0.192795
vn 0.673992 -0.715791 -0.182698
vn 0.681487 -0.706087 0.192396
vn 0.673510 -0.712910 -0.195303
vn 0.673992 -0.715791 -0.182698
vn 0.653371 -0.544476 -0.525977
vn 0.673510 -0.712910 -0.195303
vn 0.651778 -0.529282 -0.543182
vn 0.653371 -0.544476 -0.525977
vn 0.622617 -0.217406 -0.751720
vn 0.651778 -0.529282 -0.543182
vn 0.620278 -0.190993 -0.760774
vn 0.622617 -0.217406 -0.751720
vn 0.588502 0.195101 -0.784603
vn 0.620278 -0.190993 -0.760774
vn 0.586611 0.220004 -0.779414
vn 0.588502 0.195101 -0.784603
vn 0.561309 0.577810 -0.592510
vn 0.586611 0.220004 -0.779414
vn 0.560591 0.588890 -0.582191
vn 0.561309 0.577810 -0.592510
vn 0.551319 0.804927 -0.219407
vn 0.560591 0.588890 -0.582191
vn 0.551303 0.804804 -0.219901
vn 0.562699 0.797699 0.216900
vn 0.561883 0.802276 0.201594
vn 0.551319 0.804927 -0.219407
vn 0.551303 0.804804 -0.219901
vn 0.997173 0.059498 -0.045899
vn 0.968962 0.007700 -0.247090
vn 1.000000 0.000000 -0.000000
vn 0.995551 0.024801 -0.090905
vn 0.993392 0.108399 -0.037700
vn 0.992818 0.031901 -0.115302
vn 0.968962 0.007700 -0.247090
vn 0.995551 0.024801 -0.090905
vn 0.993564 -0.025799 0.110296
vn 0.993674 -0.023599 0.109797
vn 0.993874 0.026099 0.107397
vn 0.993699 0.083200 0.075100
vn 0.993597 0.082400 0.077300
vn 0.993874 0.026099 0.107397
vn 0.993699 0.083200 0.075100
vn 0.994749 -0.100605 0.018801
vn 1.000000 0.000000 -0.000000
vn 0.992915 -0.114602 0.031400
vn 0.995433 -0.067802 -0.067202
vn 0.992885 -0.084699 -0.083699
vn 0.992915 -0.114602 0.031400
vn 0.995433 -0.067802 -0.067202
vn 0.994749 -0.100605 0.018801
vn 0.992915 -0.114602 0.031400
vn 0.993823 -0.080302 0.076602
vn 0.993674 -0.023599 0.109797
vn 0.993564 -0.025799 0.110296
vn 0.993823 -0.080302 0.076602
vn 0.993674 -0.023599 0.109797
vn 0.995433 -0.067802 -0.067202
vn 1.000000 0.000000 -0.000000
vn 0.992885 -0.084699 -0.083699
vn 0.995551 0.024801 -0.090905
vn 0.992818 0.031901 -0.115302
vn 0.992885 -0.084699 -0.083699
vn 0.995551 0.024801 -0.090905
vn -0.604036 -0.770746 -0.202712
vn -0.604036 -0.770746 -0.202712
vn -0.604032 -0.566130 -0.560930
vn -0.604032 -0.566130 -0.560930
vn -0.604032 -0.566130 -0.560930
vn -0.604032 -0.566130 -0.560930
vn -0.604035 -0.209812 -0.768844
vn -0.604035 -0.209812 -0.768844
vn -0.604035 -0.209812 -0.768844
vn -0.604035 -0.209812 -0.768844
vn -0.604036 0.202712 -0.770746
vn -0.604036 0.202712 -0.770746
vn -0.604036 0.202712 -0.770746
vn -0.604036 0.202712 -0.770746
vn -0.604096 0.560896 -0.566096
vn -0.604096 0.560896 -0.566096
vn -0.604096 0.560896 -0.566096
vn -0.604096 0.560896 -0.566096
vn -0.604098 0.768798 -0.209799
vn -0.604098 0.768798 -0.209799
vn -0.604098 0.768798 -0.209799
vn -0.604098 0.768798 -0.209799
vn -0.604099 0.770699 0.202700
vn -0.604099 0.770699 0.202700
vn -0.604099 0.770699 0.202700
vn -0.604099 0.770699 0.202700
vn -0.604096 0.566096 0.560896
vn -0.604096 0.566096 0.560896
vn -0.604096 0.566096 0.560896
vn -0.604096 0.566096 0.560896
vn -0.604035 0.209812 0.768844
vn -0.604035 0.209812 0.768844
vn -0.604035 0.209812 0.768844
vn -0.604035 0.209812 0.768844
vn -0.604036 -0.202712 0.770746
vn -0.604036 -0.202712 0.770746
vn -0.604036 -0.202712 0.770746
vn -0.604036 -0.202712 0.770746
vn -0.604032 -0.560930 0.566130
vn -0.604032 -0.560930 0.566130
vn -0.604032 -0.560930 0.566130
vn -0.604032 -0.560930 0.566130
vn -0.604035 -0.768844 0.209812
vn -0.604035 -0.768844 0.209812
vn -0.604035 -0.768844 0.209812
vn -0.604035 -0.768844 0.209812
vn -0.604036 -0.770746 -0.202712
vn -0.604036 -0.770746 -0.202712
vn -0.945499 0.231300 0.229200
vn -0.864624 0.356910 0.353610
vn -0.945476 0.314992 0.082798
vn -0.864615 0.485909 0.127802
vn -0.945483 0.085698 0.314194
vn -0.864613 0.132302 0.484707
vn -0.945499 0.231300 0.229200
vn -0.864624 0.356910 0.353610
vn -0.945476 -0.082798 0.314992
vn -0.864615 -0.127802 0.485909
vn -0.945483 0.085698 0.314194
vn -0.864613 0.132302 0.484707
vn -0.945499 -0.229200 0.231300
vn -0.864650 -0.353579 0.356879
vn -0.945476 -0.082798 0.314992
vn -0.864615 -0.127802 0.485909
vn -0.945483 -0.314194 0.085698
vn -0.864680 -0.484589 0.132297
vn -0.945499 -0.229200 0.231300
vn -0.864650 -0.353579 0.356879
vn -0.945506 -0.314902 -0.082800
vn -0.864682 -0.485790 -0.127797
vn -0.945483 -0.314194 0.085698
vn -0.864680 -0.484589 0.132297
vn -0.945499 -0.231300 -0.229200
vn -0.864650 -0.356879 -0.353579
vn -0.945506 -0.314902 -0.082800
vn -0.864682 -0.485790 -0.127797
vn -0.945483 -0.085698 -0.314194
vn -0.864613 -0.132302 -0.484707
vn -0.945499 -0.231300 -0.229200
vn -0.864650 -0.356879 -0.353579
vn -0.945476 0.082798 -0.314992
vn -0.864615 0.127802 -0.485909
vn -0.945483 -0.085698 -0.314194
vn -0.864613 -0.132302 -0.484707
vn -0.945499 0.229200 -0.231300
vn -0.864624 0.353610 -0.356910
vn -0.945476 0.082798 -0.314992
vn -0.864615 0.127802 -0.485909
vn -0.945483 0.314194 -0.085698
vn -0.864613 0.484707 -0.132302
vn -0.945499 0.229200 -0.231300
vn -0.864624 0.353610 -0.356910
vn -0.945476 0.314992 0.082798
vn -0.864615 0.485909 0.127802
vn -0.945483 0.314194 -0.085698
vn -0.864613 0.484707 -0.132302
vn -0.965344 0.185389 0.183689
vn -0.965370 0.252292 0.066398
vn -0.965344 0.185389 0.183689
vn -0.965370 0.252292 0.066398
vn -0.965370 0.252292 0.066398
vn -0.965366 0.251691 -0.068698
vn -0.965370 0.252292 0.066398
vn -0.965366 0.251691 -0.068698
vn -0.965366 0.251691 -0.068698
vn -0.965344 0.183689 -0.185389
vn -0.965366 0.251691 -0.068698
vn -0.965344 0.183689 -0.185389
vn -0.965344 0.183689 -0.185389
vn -0.965346 0.066396 -0.252386
vn -0.965344 0.183689 -0.185389
vn -0.965346 0.066396 -0.252386
vn -0.965346 0.066396 -0.252386
vn -0.965366 -0.068698 -0.251691
vn -0.965346 0.066396 -0.252386
vn -0.965366 -0.068698 -0.251691
vn -0.965366 -0.068698 -0.251691
vn -0.965362 -0.185293 -0.183693
vn -0.965366 -0.068698 -0.251691
vn -0.965362 -0.185293 -0.183693
vn -0.965362 -0.185293 -0.183693
vn -0.965370 -0.252292 -0.066398
vn -0.965362 -0.185293 -0.183693
vn -0.965370 -0.252292 -0.066398
vn -0.965370 -0.252292 -0.066398
vn -0.965366 -0.251691 0.068698
vn -0.965370 -0.252292 -0.066398
vn -0.965366 -0.251691 0.068698
vn -0.965366 -0.251691 0.068698
vn -0.965362 -0.183593 0.185393
vn -0.965366 -0.251691 0.068698
vn -0.965362 -0.183593 0.185393
vn -0.965362 -0.183593 0.185393
vn -0.965346 -0.066396 0.252386
vn -0.965362 -0.183593 0.185393
vn -0.965346 -0.066396 0.252386
vn -0.965346 -0.066396 0.252386
vn -0.965366 0.068698 0.251691
vn -0.965346 -0.066396 0.252386
vn -0.965366 0.068698 0.251691
vn -0.965366 0.068698 0.251691
vn -0.965344 0.185389 0.183689
vn -0.965366 0.068698 0.251691
vn -0.965344 0.185389 0.183689
vn -0.000000 -0.710399 -0.703799
vn -0.000000 -0.967099 -0.254400
vn -0.000000 -0.710399 -0.703799
vn -0.000000 -0.967099 -0.254400
vn -0.000000 -0.263304 -0.964713
vn -0.000000 -0.710399 -0.703799
vn -0.000000 -0.263304 -0.964713
vn -0.000000 -0.710399 -0.703799
vn -0.000000 0.254400 -0.967099
vn -0.000000 -0.263304 -0.964713
vn -0.000000 0.254400 -0.967099
vn -0.000000 -0.263304 -0.964713
vn -0.000000 0.703799 -0.710399
vn -0.000000 0.254400 -0.967099
vn -0.000000 0.703799 -0.710399
vn -0.000000 0.254400 -0.967099
vn -0.000000 0.964713 -0.263304
vn -0.000000 0.703799 -0.710399
vn -0.000000 0.964713 -0.263304
vn -0.000000 0.703799 -0.710399
vn 0.000000 0.967099 0.254400
vn -0.000000 0.964713 -0.263304
vn 0.000000 0.967099 0.254400
vn -0.000000 0.964713 -0.263304
vn 0.000000 0.710399 0.703799
vn 0.000000 0.967099 0.254400
vn 0.000000 0.710399 0.703799
vn 0.000000 0.967099 0.254400
vn 0.000000 0.263304 0.964713
vn 0.000000 0.710399 0.703799
vn 0.000000 0.263304 0.964713
vn 0.000000 0.710399 0.703799
vn 0.000000 -0.254400 0.967099
vn 0.000000 0.263304 0.964713
vn 0.000000 -0.254400 0.967099
vn 0.000000 0.263304 0.964713
vn 0.000000 -0.703799 0.710399
vn 0.000000 -0.254400 0.967099
vn 0.000000 -0.703799 0.710399
vn 0.000000 -0.254400 0.967099
vn 0.000000 -0.964713 0.263304
vn 0.000000 -0.703799 0.710399
vn 0.000000 -0.964713 0.263304
vn 0.000000 -0.703799 0.710399
vn -0.000000 -0.967099 -0.254400
vn 0.000000 -0.964713 0.263304
vn -0.000000 -0.967099 -0.254400
vn 0.000000 -0.964713 0.263304
vn -0.606335 -0.769044 -0.202312
vn -0.606335 -0.769044 -0.202312
vn -0.606307 -0.564907 -0.559707
vn -0.606307 -0.564907 -0.559707
vn -0.606307 -0.564907 -0.559707
vn -0.606307 -0.564907 -0.559707
vn -0.606333 -0.209411 -0.767142
vn -0.606333 -0.209411 -0.767142
vn -0.606333 -0.209411 -0.767142
vn -0.606333 -0.209411 -0.767142
vn -0.606398 0.202299 -0.768997
vn -0.606335 0.202312 -0.769044
vn -0.606398 0.202299 -0.768997
vn -0.606335 0.202312 -0.769044
vn -0.606371 0.559673 -0.564873
vn -0.606371 0.559673 -0.564873
vn -0.606371 0.559673 -0.564873
vn -0.606371 0.559673 -0.564873
vn -0.606396 0.767096 -0.209399
vn -0.606396 0.767096 -0.209399
vn -0.606396 0.767096 -0.209399
vn -0.606396 0.767096 -0.209399
vn -0.606335 0.769044 0.202312
vn -0.606398 0.768997 0.202299
vn -0.606335 0.769044 0.202312
vn -0.606398 0.768997 0.202299
vn -0.606307 0.564907 0.559707
vn -0.606307 0.564907 0.559707
vn -0.606307 0.564907 0.559707
vn -0.606307 0.564907 0.559707
vn -0.606396 0.209399 0.767096
vn -0.606396 0.209399 0.767096
vn -0.606396 0.209399 0.767096
vn -0.606396 0.209399 0.767096
vn -0.606335 -0.202312 0.769044
vn -0.606398 -0.202299 0.768997
vn -0.606335 -0.202312 0.769044
vn -0.606398 -0.202299 0.768997
vn -0.606307 -0.559707 0.564907
vn -0.606307 -0.559707 0.564907
vn -0.606307 -0.559707 0.564907
vn -0.606307 -0.559707 0.564907
vn -0.606333 -0.767142 0.209411
vn -0.606333 -0.767142 0.209411
vn -0.606333 -0.767142 0.209411
vn -0.606333 -0.767142 0.209411
vn -0.606335 -0.769044 -0.202312
vn -0.606335 -0.769044 -0.202312
vn -0.426202 0.238201 0.872704
vn -0.426207 0.642610 0.636710
vn -0.602706 0.210102 0.769807
vn -0.602729 0.566827 0.561627
vn -0.426207 -0.636710 0.642610
vn -0.426191 -0.230095 0.874881
vn -0.602729 -0.561627 0.566827
vn -0.602707 -0.203002 0.771709
vn -0.426191 -0.874881 -0.230095
vn -0.426202 -0.872704 0.238201
vn -0.602707 -0.771709 -0.203002
vn -0.602706 -0.769807 0.210102
vn -0.426202 -0.238201 -0.872704
vn -0.426207 -0.642610 -0.636710
vn -0.602706 -0.210102 -0.769807
vn -0.602729 -0.566827 -0.561627
vn -0.426207 0.636710 -0.642610
vn -0.426191 0.230095 -0.874881
vn -0.602729 0.561627 -0.566827
vn -0.602707 0.203002 -0.771709
vn -0.426191 0.874881 0.230095
vn -0.426202 0.872704 -0.238201
vn -0.602707 0.771709 0.203002
vn -0.602706 0.769807 -0.210102
vn -0.864624 0.356910 0.353610
vn -0.602729 0.566827 0.561627
vn -0.864615 0.485909 0.127802
vn -0.602707 0.771709 0.203002
vn -0.864613 0.132302 0.484707
vn -0.602706 0.210102 0.769807
vn -0.864624 0.356910 0.353610
vn -0.602729 0.566827 0.561627
vn -0.864615 -0.127802 0.485909
vn -0.602707 -0.203002 0.771709
vn -0.864613 0.132302 0.484707
vn -0.602706 0.210102 0.769807
vn -0.864650 -0.353579 0.356879
vn -0.602729 -0.561627 0.566827
vn -0.864615 -0.127802 0.485909
vn -0.602707 -0.203002 0.771709
vn -0.864680 -0.484589 0.132297
vn -0.602706 -0.769807 0.210102
vn -0.864650 -0.353579 0.356879
vn -0.602729 -0.561627 0.566827
vn -0.864682 -0.485790 -0.127797
vn -0.602707 -0.771709 -0.203002
vn -0.864680 -0.484589 0.132297
vn -0.602706 -0.769807 0.210102
vn -0.864650 -0.356879 -0.353579
vn -0.602729 -0.566827 -0.561627
vn -0.864682 -0.485790 -0.127797
vn -0.602707 -0.771709 -0.203002
vn -0.864613 -0.132302 -0.484707
vn -0.602706 -0.210102 -0.769807
vn -0.864650 -0.356879 -0.353579
vn -0.602729 -0.566827 -0.561627
vn -0.864615 0.127802 -0.485909
vn -0.602707 0.203002 -0.771709
vn -0.864613 -0.132302 -0.484707
vn -0.602706 -0.210102 -0.769807
vn -0.864624 0.353610 -0.356910
vn -0.602729 0.561627 -0.566827
vn -0.864615 0.127802 -0.485909
vn -0.602707 0.203002 -0.771709
vn -0.864613 0.484707 -0.132302
vn -0.602706 0.769807 -0.210102
vn -0.864624 0.353610 -0.356910
vn -0.602729 0.561627 -0.566827
vn -0.864615 0.485909 0.127802
vn -0.602707 0.771709 0.203002
vn -0.864613 0.484707 -0.132302
vn -0.602706 0.769807 -0.210102
vn -1.000000 0.000000 0.000000
vn -1.000000 0.000000 0.000000
vn -1.000000 0.000000 0.000000
vn -1.000000 0.000000 0.000000
vn -1.000000 0.000000 0.000000
vn -1.000000 0.000000 0.000000
vn -1.000000 0.000000 0.000000
vn -1.000000 0.000000 0.000000
vn -1.000000 0.000000 0.000000
vn -1.000000 0.000000 0.000000
vn -1.000000 0.000000 0.000000
vn -1.000000 0.000000 0.000000
vn -1.000000 0.000000 0.000000
vn -1.000000 0.000000 0.000000
vn -1.000000 0.000000 0.000000
vn -1.000000 0.000000 0.000000
vn -1.000000 0.000000 0.000000
vn -1.000000 0.000000 0.000000
vn -1.000000 0.000000 0.000000
vn -1.000000 0.000000 0.000000
vn -1.000000 0.000000 0.000000
vn -1.000000 0.000000 0.000000
vn -1.000000 0.000000 0.000000
vn -1.000000 0.000000 0.000000
vn -1.000000 0.000000 0.000000
vn -1.000000 0.000000 0.000000
vn -1.000000 0.000000 0.000000
vn -1.000000 0.000000 0.000000
vn -1.000000 0.000000 0.000000
vn -1.000000 0.000000 0.000000
vn -1.000000 0.000000 0.000000
vn -1.000000 0.000000 0.000000
vn -1.000000 0.000000 0.000000
vn -1.000000 0.000000 0.000000
vn -1.000000 0.000000 0.000000
vn -1.000000 0.000000 0.000000
vn -1.000000 0.000000 0.000000
vn -1.000000 0.000000 0.000000
vn -1.000000 0.000000 0.000000
vn -1.000000 0.000000 0.000000
vn -1.000000 0.000000 0.000000
vn -1.000000 0.000000 0.000000
vn -1.000000 0.000000 0.000000
vn -1.000000 0.000000 0.000000
vn -1.000000 0.000000 0.000000
vn -1.000000 0.000000 0.000000
vn -1.000000 0.000000 0.000000
vn -1.000000 0.000000 0.000000
vn 0.000000 0.710399 0.703799
vn 0.000000 0.967099 0.254400
vn 0.000000 0.710399 0.703799
vn 0.000000 0.967099 0.254400
vn 0.000000 0.263304 0.964713
vn 0.000000 0.710399 0.703799
vn 0.000000 0.263304 0.964713
vn 0.000000 0.710399 0.703799
vn 0.000000 -0.254400 0.967099
vn 0.000000 0.263304 0.964713
vn 0.000000 -0.254400 0.967099
vn 0.000000 0.263304 0.964713
vn 0.000000 -0.703799 0.710399
vn 0.000000 -0.254400 0.967099
vn 0.000000 -0.703799 0.710399
vn 0.000000 -0.254400 0.967099
vn 0.000000 -0.964713 0.263304
vn 0.000000 -0.703799 0.710399
vn 0.000000 -0.964713 0.263304
vn 0.000000 -0.703799 0.710399
vn -0.000000 -0.967099 -0.254400
vn 0.000000 -0.964713 0.263304
vn -0.000000 -0.967099 -0.254400
vn 0.000000 -0.964713 0.263304
vn -0.000000 -0.710399 -0.703799
vn -0.000000 -0.967099 -0.254400
vn -0.000000 -0.710399 -0.703799
vn -0.000000 -0.967099 -0.254400
vn -0.000000 -0.263304 -0.964713
vn -0.000000 -0.710399 -0.703799
vn -0.000000 -0.263304 -0.964713
vn -0.000000 -0.710399 -0.703799
vn -0.000000 0.254400 -0.967099
vn -0.000000 -0.263304 -0.964713
vn -0.000000 0.254400 -0.967099
vn -0.000000 -0.263304 -0.964713
vn -0.000000 0.703799 -0.710399
vn -0.000000 0.254400 -0.967099
vn -0.000000 0.703799 -0.710399
vn -0.000000 0.254400 -0.967099
vn -0.000000 0.964713 -0.263304
vn -0.000000 0.703799 -0.710399
vn -0.000000 0.964713 -0.263304
vn -0.000000 0.703799 -0.710399
vn 0.000000 0.967099 0.254400
vn -0.000000 0.964713 -0.263304
vn 0.000000 0.967099 0.254400
vn -0.000000 0.964713 -0.263304
vn -1.000000 0.000000 0.000000
vn -0.971802 0.148700 0.183000
vn -0.977879 -0.053199 0.202296
vn -0.999980 -0.004500 0.004500
vn -0.965720 0.182704 -0.184404
vn -0.971795 0.035100 -0.233199
vn -0.965704 0.250501 -0.068300
vn -0.999980 -0.004500 0.004500
vn -0.965708 -0.251102 -0.066001
vn -0.971797 -0.219499 0.086200
vn -0.971802 -0.148700 -0.183000
vn -0.999980 -0.004500 0.004500
vn -1.000000 0.000000 0.000000
vn -0.977879 -0.053199 0.202296
vn -0.971797 -0.219499 0.086200
vn -0.999980 -0.004500 0.004500
vn -0.965708 0.251102 0.066001
vn -0.965704 0.250501 -0.068300
vn -0.971802 0.148700 0.183000
vn -0.999980 -0.004500 0.004500
vn -1.000000 0.000000 0.000000
vn -0.971802 -0.148700 -0.183000
vn -0.971795 0.035100 -0.233199
vn -0.999980 -0.004500 0.004500
vn -0.602707 0.771709 0.203002
vn -0.602729 0.566827 0.561627
vn -0.426191 0.874881 0.230095
vn -0.426207 0.642610 0.636710
vn -0.602706 0.210102 0.769807
vn -0.602707 -0.203002 0.771709
vn -0.426202 0.238201 0.872704
vn -0.426191 -0.230095 0.874881
vn -0.602729 -0.561627 0.566827
vn -0.602706 -0.769807 0.210102
vn -0.426207 -0.636710 0.642610
vn -0.426202 -0.872704 0.238201
vn -0.602707 -0.771709 -0.203002
vn -0.602729 -0.566827 -0.561627
vn -0.426191 -0.874881 -0.230095
vn -0.426207 -0.642610 -0.636710
vn -0.602706 -0.210102 -0.769807
vn -0.602707 0.203002 -0.771709
vn -0.426202 -0.238201 -0.872704
vn -0.426191 0.230095 -0.874881
vn -0.602729 0.561627 -0.566827
vn -0.602706 0.769807 -0.210102
vn -0.426207 0.636710 -0.642610
vn -0.426202 0.872704 -0.238201
s 1
g polySurface51
usemtl lambert5SG
f 1/1/1 2/2/2 4/4/3
f 4/4/3 2/2/2 3/3/4
s 2
f 2/2/5 5/5/6 3/3/7
f 3/3/7 5/5/6 6/6/8
s 3
f 5/5/9 7/7/10 6/6/11
f 6/6/11 7/7/10 8/8/12
s 4
f 9/9/13 10/10/14 7/12/15
f 7/12/15 10/10/14 8/11/16
s 5
f 11/13/17 12/14/18 14/16/19
f 14/16/19 12/14/18 13/15/20
s 6
f 15/17/21 16/18/22 18/20/23
f 18/20/23 16/18/22 17/19/24
s 7
f 19/21/25 20/22/26 16/18/27
f 16/18/27 20/22/26 17/19/28
s 8
f 4/4/29 3/3/30 22/24/31
f 22/24/31 3/3/30 21/23/32
s 9
f 3/3/33 6/6/34 21/23/35
f 21/23/35 6/6/34 23/25/36
s 10
f 6/6/37 8/8/38 23/25/39
f 23/25/39 8/8/38 24/26/40
s 11
f 10/10/41 25/27/42 8/11/43
f 8/11/43 25/27/42 24/28/44
s 12
f 14/16/45 13/15/46 27/30/47
f 27/30/47 13/15/46 26/29/48
s 13
f 18/20/49 17/19/50 29/32/51
f 29/32/51 17/19/50 28/31/52
s 14
f 20/22/53 30/33/54 17/19/55
f 17/19/55 30/33/54 28/31/56
s 15
f 22/24/57 21/23/58 32/35/59
f 32/35/59 21/23/58 31/34/60
s 16
f 21/23/61 23/25/62 31/34/63
f 31/34/63 23/25/62 33/36/64
s 17
f 23/25/65 24/26/66 33/36/67
f 33/36/67 24/26/66 34/37/68
s 18
f 25/27/69 35/38/70 24/28/71
f 24/28/71 35/38/70 34/39/72
s 19
f 27/30/73 26/29/74 37/41/75
f 37/41/75 26/29/74 36/40/76
s 20
f 29/32/77 28/31/78 39/43/79
f 39/43/79 28/31/78 38/42/80
s 21
f 30/33/81 40/44/82 28/31/83
f 28/31/83 40/44/82 38/42/84
s 22
f 32/35/85 31/34/86 42/46/87
f 42/46/87 31/34/86 41/45/88
s 23
f 31/34/89 33/36/90 41/45/91
f 41/45/91 33/36/90 43/47/92
s 24
f 33/36/93 34/37/94 43/47/95
f 43/47/95 34/37/94 44/48/96
s 25
f 35/38/97 45/49/98 34/39/99
f 34/39/99 45/49/98 44/50/100
s 26
f 37/41/101 36/40/102 47/52/103
f 47/52/103 36/40/102 46/51/104
s 27
f 39/43/105 38/42/106 49/54/107
f 49/54/107 38/42/106 48/53/108
s 28
f 40/44/109 50/55/110 38/42/111
f 38/42/111 50/55/110 48/53/112
s 29
f 42/46/113 41/45/114 52/57/115
f 52/57/115 41/45/114 51/56/116
s 30
f 41/45/117 43/47/118 51/56/119
f 51/56/119 43/47/118 53/58/120
s 31
f 43/47/121 44/48/122 53/58/123
f 53/58/123 44/48/122 54/59/124
s 32
f 45/49/125 55/60/126 44/50/127
f 44/50/127 55/60/126 54/61/128
s 33
f 47/52/129 46/51/130 57/63/131
f 57/63/131 46/51/130 56/62/132
s 34
f 49/54/133 48/53/134 59/65/135
f 59/65/135 48/53/134 58/64/136
s 35
f 50/55/137 60/66/138 48/53/139
f 48/53/139 60/66/138 58/64/140
s 36
f 52/57/141 51/56/142 62/68/143
f 62/68/143 51/56/142 61/67/144
s 37
f 51/56/145 53/58/146 61/67/147
f 61/67/147 53/58/146 63/69/148
s 38
f 53/58/149 54/59/150 63/69/151
f 63/69/151 54/59/150 64/70/152
s 39
f 55/60/153 65/71/154 54/61/155
f 54/61/155 65/71/154 64/72/156
s 40
f 57/63/157 56/62/158 67/74/159
f 67/74/159 56/62/158 66/73/160
s 41
f 59/65/161 58/64/162 69/76/163
f 69/76/163 58/64/162 68/75/164
s 42
f 60/66/165 70/77/166 58/64/167
f 58/64/167 70/77/166 68/75/168
s 43
f 62/68/169 61/67/170 72/79/171
f 72/79/171 61/67/170 71/78/172
s 44
f 61/67/173 63/69/174 71/78/175
f 71/78/175 63/69/174 73/80/176
s 45
f 63/69/177 64/70/178 73/80/179
f 73/80/179 64/70/178 74/81/180
s 46
f 65/71/181 75/82/182 64/72/183
f 64/72/183 75/82/182 74/83/184
s 47
f 67/74/185 66/73/186 77/85/187
f 77/85/187 66/73/186 76/84/188
s 48
f 69/76/189 68/75/190 79/87/191
f 79/87/191 68/75/190 78/86/192
s 49
f 70/77/193 80/88/194 68/75/195
f 68/75/195 80/88/194 78/86/196
s 50
f 72/79/197 71/78/198 82/90/199
f 82/90/199 71/78/198 81/89/200
s 51
f 71/78/201 73/80/202 81/89/203
f 81/89/203 73/80/202 83/91/204
s 52
f 73/80/205 74/81/206 83/91/207
f 83/91/207 74/81/206 84/92/208
s 53
f 75/82/209 85/93/210 74/83/211
f 74/83/211 85/93/210 84/94/212
s 54
f 77/85/213 76/84/214 87/96/215
f 87/96/215 76/84/214 86/95/216
s 55
f 79/87/217 78/86/218 89/98/219
f 89/98/219 78/86/218 88/97/220
s 56
f 80/88/221 90/99/222 78/86/223
f 78/86/223 90/99/222 88/97/224
s 57
f 82/100/225 81/101/226 92/103/227
f 92/103/227 81/101/226 91/102/228
s 58
f 81/101/229 83/104/230 91/102/231
f 91/102/231 83/104/230 93/105/232
s 59
f 83/104/233 84/106/234 93/105/235
f 93/105/235 84/106/234 94/107/236
s 60
f 85/93/237 95/108/238 84/94/239
f 84/94/239 95/108/238 94/109/240
s 61
f 87/96/241 86/95/242 97/111/243
f 97/111/243 86/95/242 96/110/244
s 62
f 89/98/245 88/97/246 99/113/247
f 99/113/247 88/97/246 98/112/248
s 63
f 90/99/249 100/114/250 88/97/251
f 88/97/251 100/114/250 98/112/252
s 64
f 92/103/253 91/102/254 102/116/255
f 102/116/255 91/102/254 101/115/256
s 65
f 91/102/257 93/105/258 101/115/259
f 101/115/259 93/105/258 103/117/260
s 66
f 93/105/261 94/107/262 103/117/263
f 103/117/263 94/107/262 104/118/264
s 67
f 95/108/265 105/119/266 94/109/267
f 94/109/267 105/119/266 104/120/268
s 68
f 97/111/269 96/110/270 107/122/271
f 107/122/271 96/110/270 106/121/272
s 69
f 99/113/273 98/112/274 109/124/275
f 109/124/275 98/112/274 108/123/276
s 70
f 100/114/277 110/125/278 98/112/279
f 98/112/279 110/125/278 108/123/280
s 71
f 102/116/281 101/115/282 112/127/283
f 112/127/283 101/115/282 111/126/284
s 72
f 101/115/285 103/117/286 111/126/287
f 111/126/287 103/117/286 113/128/288
s 73
f 103/117/289 104/118/290 113/128/291
f 113/128/291 104/118/290 114/129/292
s 74
f 105/119/293 115/130/294 104/120/295
f 104/120/295 115/130/294 114/131/296
s 75
f 107/122/297 106/121/298 117/133/299
f 117/133/299 106/121/298 116/132/300
s 76
f 109/124/301 108/123/302 119/135/303
f 119/135/303 108/123/302 118/134/304
s 77
f 110/125/305 120/136/306 108/123/307
f 108/123/307 120/136/306 118/134/308
s 78
f 112/127/309 111/126/310 1/1/311
f 1/1/311 111/126/310 2/2/312
s 79
f 111/126/313 113/128/314 2/2/315
f 2/2/315 113/128/314 5/5/316
s 80
f 113/128/317 114/129/318 5/5/319
f 5/5/319 114/129/318 7/7/320
s 81
f 115/130/321 9/9/322 114/131/323
f 114/131/323 9/9/322 7/12/324
s 82
f 117/133/325 116/132/326 11/13/327
f 11/13/327 116/132/326 12/14/328
s 83
f 119/135/329 118/134/330 15/17/331
f 15/17/331 118/134/330 16/18/332
s 84
f 120/136/333 19/21/334 118/134/335
f 118/134/335 19/21/334 16/18/336
s 85
f 11/13/337 14/16/338 9/9/339
f 9/9/339 14/16/338 10/10/340
s 86
f 14/16/341 27/30/342 10/10/343
f 10/10/343 27/30/342 25/27/344
s 87
f 27/30/345 37/41/346 25/27/347
f 25/27/347 37/41/346 35/38/348
s 88
f 37/41/349 47/52/350 35/38/351
f 35/38/351 47/52/350 45/49/352
s 89
f 47/52/353 57/63/354 45/49/355
f 45/49/355 57/63/354 55/60/356
s 90
f 57/63/357 67/74/358 55/60/359
f 55/60/359 67/74/358 65/71/360
s 91
f 67/74/361 77/85/362 65/71/363
f 65/71/363 77/85/362 75/82/364
s 92
f 77/85/365 87/96/366 75/82/367
f 75/82/367 87/96/366 85/93/368
s 93
f 87/96/369 97/111/370 85/93/371
f 85/93/371 97/111/370 95/108/372
s 94
f 97/111/373 107/122/374 95/108/375
f 95/108/375 107/122/374 105/119/376
s 95
f 107/122/377 117/133/378 105/119/379
f 105/119/379 117/133/378 115/130/380
s 96
f 117/133/381 11/13/382 115/130/383
f 115/130/383 11/13/382 9/9/384
s 97
f 1/137/385 4/138/386 19/21/387
f 19/21/387 4/138/386 20/22/388
s 98
f 4/138/389 22/139/390 20/22/391
f 20/22/391 22/139/390 30/33/392
s 99
f 22/139/393 32/140/394 30/33/395
f 30/33/395 32/140/394 40/44/396
s 100
f 32/140/397 42/141/398 40/44/399
f 40/44/399 42/141/398 50/55/400
s 101
f 42/141/401 52/142/402 50/55/403
f 50/55/403 52/142/402 60/66/404
s 102
f 52/142/405 62/143/406 60/66/407
f 60/66/407 62/143/406 70/77/408
s 103
f 62/143/409 72/144/410 70/77/411
f 70/77/411 72/144/410 80/88/412
s 104
f 72/144/413 82/145/414 80/88/415
f 80/88/415 82/145/414 90/99/416
s 105
f 82/145/417 92/146/418 90/99/419
f 90/99/419 92/146/418 100/114/420
s 106
f 92/146/421 102/147/422 100/114/423
f 100/114/423 102/147/422 110/125/424
s 107
f 102/147/425 112/148/426 110/125/427
f 110/125/427 112/148/426 120/136/428
s 108
f 112/148/429 1/137/430 120/136/431
f 120/136/431 1/137/430 19/21/432
s 109
f 121/149/433 122/150/434 124/152/435
f 124/152/435 122/150/434 123/151/436
s 110
f 125/153/437 124/152/438 126/154/439
f 124/152/438 123/151/440 126/154/439
s 111
f 18/20/441 127/155/442 15/17/443
f 15/17/443 127/155/442 128/156/444
s 112
f 29/32/445 129/157/446 18/20/447
f 18/20/447 129/157/446 127/155/448
s 113
f 39/43/449 130/158/450 29/32/451
f 29/32/451 130/158/450 129/157/452
s 114
f 49/54/453 131/159/454 39/43/455
f 39/43/455 131/159/454 130/158/456
s 115
f 59/65/457 125/153/458 49/54/459
f 49/54/459 125/153/458 131/159/460
s 116
f 59/65/461 69/76/462 125/153/463
f 125/153/463 69/76/462 124/152/464
s 117
f 69/76/465 79/87/466 124/152/467
f 124/152/467 79/87/466 121/149/468
s 118
f 79/87/469 89/98/470 121/149/471
f 121/149/471 89/98/470 132/160/472
s 119
f 89/98/473 99/113/474 132/160/475
f 132/160/475 99/113/474 133/161/476
s 120
f 99/113/477 109/124/478 133/161/479
f 133/161/479 109/124/478 134/162/480
s 121
f 109/124/481 119/135/482 134/162/483
f 134/162/483 119/135/482 135/163/484
s 122
f 15/17/485 128/156/486 119/135/487
f 119/135/487 128/156/486 135/163/488
s 123
f 125/153/489 126/154/490 131/159/491
f 130/158/492 131/159/491 126/154/490
s 124
f 123/151/493 136/164/494 126/154/495
f 126/154/495 136/164/494 130/158/496
s 125
f 133/161/497 137/165/498 132/160/499
f 132/160/499 137/165/498 122/150/500
s off
f 121/149/501 132/160/502 122/150/503
s 126
f 135/163/504 128/156/505 138/166/506
f 138/166/506 128/156/505 127/155/507
s off
f 139/167/508 138/166/509 127/155/510
s 127
f 135/163/511 138/166/512 134/162/513
f 134/162/513 138/166/512 137/165/514
s off
f 133/161/515 134/162/516 137/165/517
s 128
f 127/155/518 129/157/519 139/167/520
f 139/167/520 129/157/519 130/158/521
s off
f 136/164/522 139/167/523 130/158/524
s 129
f 140/168/525 141/169/526 143/171/527
f 143/171/527 141/169/526 142/170/528
s 130
f 143/171/529 142/170/530 145/173/531
f 145/173/531 142/170/530 144/172/532
s 131
f 145/173/533 144/172/534 147/175/535
f 147/175/535 144/172/534 146/174/536
s 132
f 147/175/537 146/174/538 149/177/539
f 149/177/539 146/174/538 148/176/540
s 133
f 149/177/541 148/176/542 151/179/543
f 151/179/543 148/176/542 150/178/544
s 134
f 151/179/545 150/178/546 153/181/547
f 153/181/547 150/178/546 152/180/548
s 135
f 153/181/549 152/180/550 155/183/551
f 155/183/551 152/180/550 154/182/552
s 136
f 155/183/553 154/182/554 157/185/555
f 157/185/555 154/182/554 156/184/556
s 137
f 157/185/557 156/184/558 159/187/559
f 159/187/559 156/184/558 158/186/560
s 138
f 159/187/561 158/186/562 161/189/563
f 161/189/563 158/186/562 160/188/564
s 139
f 161/189/565 160/188/566 163/191/567
f 163/191/567 160/188/566 162/190/568
s 140
f 163/191/569 162/190/570 140/168/571
f 140/168/571 162/190/570 141/169/572
s 141
f 164/192/573 165/193/574 167/195/575
f 167/195/575 165/193/574 166/194/576
s 142
f 168/196/577 169/197/578 164/192/579
f 164/192/579 169/197/578 165/193/580
s 143
f 170/198/581 171/199/582 168/196/583
f 168/196/583 171/199/582 169/197/584
s 144
f 172/200/585 173/201/586 170/198/587
f 170/198/587 173/201/586 171/199/588
s 145
f 174/202/589 175/203/590 172/200/591
f 172/200/591 175/203/590 173/201/592
s 146
f 176/204/593 177/205/594 174/202/595
f 174/202/595 177/205/594 175/203/596
s 147
f 178/206/597 179/207/598 176/204/599
f 176/204/599 179/207/598 177/205/600
s 148
f 180/208/601 181/209/602 178/206/603
f 178/206/603 181/209/602 179/207/604
s 149
f 182/210/605 183/211/606 180/208/607
f 180/208/607 183/211/606 181/209/608
s 150
f 184/212/609 185/213/610 182/210/611
f 182/210/611 185/213/610 183/211/612
s 151
f 186/214/613 187/215/614 184/212/615
f 184/212/615 187/215/614 185/213/616
s 152
f 167/195/617 166/194/618 186/214/619
f 186/214/619 166/194/618 187/215/620
s 153
f 188/216/621 189/217/622 143/171/623
f 143/171/623 189/217/622 140/168/624
s 154
f 189/217/625 190/218/626 140/168/627
f 140/168/627 190/218/626 163/191/628
s 155
f 190/218/629 191/219/630 163/191/631
f 163/191/631 191/219/630 161/189/632
s 156
f 191/219/633 192/220/634 161/189/635
f 161/189/635 192/220/634 159/187/636
s 157
f 192/220/637 193/221/638 159/187/639
f 159/187/639 193/221/638 157/185/640
s 158
f 193/221/641 194/222/642 157/185/643
f 157/185/643 194/222/642 155/183/644
s 159
f 194/222/645 195/223/646 155/183/647
f 155/183/647 195/223/646 153/181/648
s 160
f 195/223/649 196/224/650 153/181/651
f 153/181/651 196/224/650 151/179/652
s 161
f 196/224/653 197/225/654 151/179/655
f 151/179/655 197/225/654 149/177/656
s 162
f 197/225/657 198/226/658 149/177/659
f 149/177/659 198/226/658 147/175/660
s 163
f 198/226/661 199/227/662 147/175/663
f 147/175/663 199/227/662 145/173/664
s 164
f 199/227/665 188/216/666 145/173/667
f 145/173/667 188/216/666 143/171/668
s 165
f 200/228/669 201/229/670 203/231/671
f 203/231/671 201/229/670 202/230/672
s 166
f 204/232/673 200/228/674 205/233/675
f 205/233/675 200/228/674 203/231/676
s 167
f 206/234/677 204/232/678 207/235/679
f 207/235/679 204/232/678 205/233/680
s 168
f 208/236/681 206/234/682 209/237/683
f 209/237/683 206/234/682 207/235/684
s 169
f 210/238/685 208/236/686 211/239/687
f 211/239/687 208/236/686 209/237/688
s 170
f 212/240/689 210/238/690 213/241/691
f 213/241/691 210/238/690 211/239/692
s 171
f 214/242/693 212/240/694 215/243/695
f 215/243/695 212/240/694 213/241/696
s 172
f 216/244/697 214/242/698 217/245/699
f 217/245/699 214/242/698 215/243/700
s 173
f 218/246/701 216/244/702 219/247/703
f 219/247/703 216/244/702 217/245/704
s 174
f 220/248/705 218/246/706 221/249/707
f 221/249/707 218/246/706 219/247/708
s 175
f 222/250/709 220/248/710 223/251/711
f 223/251/711 220/248/710 221/249/712
s 176
f 201/229/713 222/250/714 202/230/715
f 202/230/715 222/250/714 223/251/716
s 177
f 167/195/717 201/229/718 164/192/719
f 164/192/719 201/229/718 200/228/720
s 178
f 164/192/721 200/228/722 168/196/723
f 168/196/723 200/228/722 204/232/724
s 179
f 168/196/725 204/232/726 170/198/727
f 170/198/727 204/232/726 206/234/728
s 180
f 170/198/729 206/234/730 172/200/731
f 172/200/731 206/234/730 208/236/732
s 181
f 172/200/733 208/236/734 174/202/735
f 174/202/735 208/236/734 210/238/736
s 182
f 174/202/737 210/238/738 176/204/739
f 176/204/739 210/238/738 212/240/740
s 183
f 176/204/741 212/240/742 178/206/743
f 178/206/743 212/240/742 214/242/744
s 184
f 178/206/745 214/242/746 180/208/747
f 180/208/747 214/242/746 216/244/748
s 185
f 180/208/749 216/244/750 182/210/751
f 182/210/751 216/244/750 218/246/752
s 186
f 182/210/753 218/246/754 184/212/755
f 184/212/755 218/246/754 220/248/756
s 187
f 184/212/757 220/248/758 186/214/759
f 186/214/759 220/248/758 222/250/760
s 188
f 186/214/761 222/250/762 167/195/763
f 167/195/763 222/250/762 201/229/764
s 189
f 144/172/765 142/170/766 225/253/767
f 225/253/767 142/170/766 224/252/768
s 190
f 148/176/769 146/174/770 227/255/771
f 227/255/771 146/174/770 226/254/772
s 191
f 152/180/773 150/178/774 229/257/775
f 229/257/775 150/178/774 228/256/776
s 192
f 156/184/777 154/182/778 231/259/779
f 231/259/779 154/182/778 230/258/780
s 193
f 160/188/781 158/186/782 233/261/783
f 233/261/783 158/186/782 232/260/784
s 194
f 141/169/785 162/190/786 235/263/787
f 235/263/787 162/190/786 234/262/788
s 195
f 165/193/789 224/252/790 166/194/791
f 166/194/791 224/252/790 235/263/792
s 196
f 169/197/793 225/253/794 165/193/795
f 165/193/795 225/253/794 224/252/796
s 197
f 171/199/797 226/254/798 169/197/799
f 169/197/799 226/254/798 225/253/800
s 198
f 173/201/801 227/255/802 171/199/803
f 171/199/803 227/255/802 226/254/804
s 199
f 175/203/805 228/256/806 173/201/807
f 173/201/807 228/256/806 227/255/808
s 200
f 177/205/809 229/257/810 175/203/811
f 175/203/811 229/257/810 228/256/812
s 201
f 179/207/813 230/258/814 177/205/815
f 177/205/815 230/258/814 229/257/816
s 202
f 181/209/817 231/259/818 179/207/819
f 179/207/819 231/259/818 230/258/820
s 203
f 183/211/821 232/260/822 181/209/823
f 181/209/823 232/260/822 231/259/824
s 204
f 185/213/825 233/261/826 183/211/827
f 183/211/827 233/261/826 232/260/828
s 205
f 187/215/829 234/262/830 185/213/831
f 185/213/831 234/262/830 233/261/832
s 206
f 166/194/833 235/263/834 187/215/835
f 187/215/835 235/263/834 234/262/836
s 207
f 203/231/837 202/230/838 237/265/839
f 237/265/839 202/230/838 236/264/840
s 208
f 205/233/841 203/231/842 238/266/843
f 238/266/843 203/231/842 237/265/844
s 209
f 207/235/845 205/233/846 239/267/847
f 239/267/847 205/233/846 238/266/848
s 210
f 209/237/849 207/235/850 240/268/851
f 240/268/851 207/235/850 239/267/852
s 211
f 211/239/853 209/237/854 241/269/855
f 241/269/855 209/237/854 240/268/856
s 212
f 213/241/857 211/239/858 242/270/859
f 242/270/859 211/239/858 241/269/860
s 213
f 215/243/861 213/241/862 243/271/863
f 243/271/863 213/241/862 242/270/864
s 214
f 217/245/865 215/243/866 244/272/867
f 244/272/867 215/243/866 243/271/868
s 215
f 219/247/869 217/245/870 245/273/871
f 245/273/871 217/245/870 244/272/872
s 216
f 221/249/873 219/247/874 246/274/875
f 246/274/875 219/247/874 245/273/876
s 217
f 223/251/877 221/249/878 247/275/879
f 247/275/879 221/249/878 246/274/880
s 218
f 202/230/881 223/251/882 236/264/883
f 236/264/883 223/251/882 247/275/884
s 219
f 237/265/885 236/264/886 249/277/887
f 249/277/887 236/264/886 248/276/888
s 220
f 238/266/889 237/265/890 250/278/891
f 250/278/891 237/265/890 249/277/892
s 221
f 239/267/893 238/266/894 251/279/895
f 251/279/895 238/266/894 250/278/896
s 222
f 240/268/897 239/267/898 252/280/899
f 252/280/899 239/267/898 251/279/900
s 223
f 241/269/901 240/268/902 253/281/903
f 253/281/903 240/268/902 252/280/904
s 224
f 242/270/905 241/269/906 254/282/907
f 254/282/907 241/269/906 253/281/908
s 225
f 243/271/909 242/270/910 255/283/911
f 255/283/911 242/270/910 254/282/912
s 226
f 244/272/913 243/271/914 256/284/915
f 256/284/915 243/271/914 255/283/916
s 227
f 245/273/917 244/272/918 257/285/919
f 257/285/919 244/272/918 256/284/920
s 228
f 246/274/921 245/273/922 258/286/923
f 258/286/923 245/273/922 257/285/924
s 229
f 247/275/925 246/274/926 259/287/927
f 259/287/927 246/274/926 258/286/928
s 230
f 236/264/929 247/275/930 248/276/931
f 248/276/931 247/275/930 259/287/932
s 231
f 250/278/933 249/277/934 251/279/935
f 251/279/935 249/277/934 260/288/936
s 232
f 258/286/937 257/285/938 259/287/939
f 259/287/939 257/285/938 260/288/940
s 233
f 254/282/941 253/281/942 255/283/943
f 255/283/943 253/281/942 260/288/944
s 234
f 252/280/945 251/279/946 253/281/947
f 253/281/947 251/279/946 260/288/948
s 235
f 248/276/949 259/287/950 249/277/951
f 249/277/951 259/287/950 260/288/952
s 236
f 256/284/953 255/283/954 257/285/955
f 257/285/955 255/283/954 260/288/956
s 237
f 235/263/957 224/252/958 141/169/959
f 141/169/959 224/252/958 142/170/960
s 238
f 225/253/961 226/254/962 144/172/963
f 144/172/963 226/254/962 146/174/964
s 239
f 227/255/965 228/256/966 148/176/967
f 148/176/967 228/256/966 150/178/968
s 240
f 229/257/969 230/258/970 152/180/971
f 152/180/971 230/258/970 154/182/972
s 241
f 231/259/973 232/260/974 156/184/975
f 156/184/975 232/260/974 158/186/976
s 242
f 233/261/977 234/262/978 160/188/979
f 160/188/979 234/262/978 162/190/980
