# This file uses centimeters as units for non-parametric coordinates.

mtllib rightwheelcar.mtl
g default
v 136.236023 1.477100 67.351997
v 138.472137 -0.174500 67.785896
v 138.472137 4.793000 76.469498
v 136.236023 6.007100 75.268799
v 143.397034 -0.174500 67.785896
v 143.397034 4.793000 76.469498
v 145.633133 1.466300 67.354797
v 145.633133 5.999100 75.276703
v 146.367630 4.339500 66.600403
v 146.367630 8.110000 73.189003
v 145.477722 7.213300 65.845901
v 144.033127 10.010000 65.111603
v 144.033234 12.273200 69.069397
v 145.477722 10.220200 71.101303
v 137.836029 10.010000 65.111603
v 136.391434 7.203400 65.848503
v 136.391434 10.212900 71.108597
v 137.836029 12.273200 69.069397
v 135.447632 4.339900 66.600304
v 135.447632 8.110300 73.188698
v 138.472137 13.442700 81.509499
v 136.236023 13.892000 79.863800
v 143.397034 13.442700 81.509499
v 145.633133 13.889000 79.874603
v 146.367630 14.670200 77.013100
v 144.033127 16.211300 71.366501
v 145.477722 15.451200 74.151703
v 136.391434 15.448500 74.161598
v 137.836029 16.211300 71.366501
v 135.447632 14.670300 77.012703
v 138.472137 23.442301 81.555603
v 136.236023 23.008499 79.905899
v 143.397034 23.442301 81.555603
v 145.633133 23.011299 79.916702
v 146.367630 22.257000 77.048103
v 144.033127 20.768499 71.387604
v 145.477722 21.502701 74.179604
v 136.391434 21.505301 74.189499
v 137.836029 20.768499 71.387497
v 135.447632 22.256901 77.047699
v 138.472137 32.125702 76.595398
v 136.236023 30.925100 75.383598
v 143.397034 32.125702 76.595398
v 145.633133 30.932899 75.391602
v 146.367630 28.845301 73.284599
v 144.033127 24.725700 69.126801
v 145.477722 26.757601 71.177597
v 136.391434 26.764799 71.184898
v 137.836029 24.725599 69.126801
v 135.447632 28.844999 73.284302
v 138.472137 37.165798 67.958000
v 136.236023 35.520100 67.508904
v 143.397034 37.165798 67.958000
v 145.633133 35.530899 67.511803
v 146.367630 32.669399 66.730904
v 144.033234 27.022800 65.190002
v 145.477722 29.808001 65.949997
v 136.391434 29.817900 65.952698
v 137.836029 27.022800 65.190002
v 135.447632 32.668999 66.730797
v 138.472137 37.211899 57.957699
v 136.236023 35.562199 58.391602
v 143.397034 37.211899 57.957699
v 145.633133 35.572899 58.388802
v 146.367630 32.704399 59.143200
v 144.033127 27.043800 60.632000
v 145.477722 29.835899 59.897701
v 136.391434 29.845800 59.895100
v 137.836029 27.043800 60.632000
v 135.447632 32.703999 59.143299
v 138.472137 32.251701 49.274101
v 136.236023 31.039900 50.474800
v 143.397034 32.251701 49.274101
v 145.633133 31.047800 50.466900
v 146.367630 28.940800 52.554600
v 144.033127 24.783100 56.674198
v 145.477722 26.833900 54.642300
v 136.391434 26.841101 54.634998
v 137.836029 24.783100 56.674198
v 135.447632 28.940500 52.554901
v 138.472137 23.614300 44.234100
v 136.236023 23.165300 45.879799
v 143.397034 23.614300 44.234100
v 145.633133 23.168200 45.868999
v 146.367630 22.387501 48.730499
v 144.033234 20.846901 54.377102
v 145.477722 21.606800 51.591900
v 136.391434 21.609501 51.582001
v 137.836029 20.846901 54.377102
v 135.447632 22.387400 48.730900
v 138.472137 13.614800 44.188000
v 136.236023 14.048900 45.837700
v 143.397034 13.614800 44.188000
v 145.633133 14.046100 45.826900
v 146.367630 14.800700 48.695499
v 144.033127 16.289700 54.355999
v 145.477722 15.555300 51.563999
v 136.391434 15.552700 51.554100
v 137.836029 16.289700 54.356098
v 135.447632 14.800900 48.695900
v 138.472137 4.919200 49.148201
v 136.236023 6.122100 50.360001
v 143.397034 4.919200 49.148201
v 145.633133 6.114200 50.352001
v 146.367630 8.205700 52.459000
v 144.033127 12.330600 56.616798
v 145.477722 10.296600 54.566002
v 136.391434 10.289300 54.558701
v 137.836029 12.330600 56.616798
v 135.447632 8.206000 52.459400
v 138.472137 -0.128300 57.785599
v 136.236023 1.519200 58.234699
v 143.397034 -0.128300 57.785599
v 145.633133 1.508400 58.231800
v 146.367630 4.374500 59.012699
v 144.033127 10.031000 60.553600
v 145.477722 7.241300 59.793598
v 136.391434 7.231400 59.790901
v 137.836029 10.031000 60.553600
v 135.447632 4.375000 59.012798
v 137.223236 24.357000 56.994400
v 137.900131 20.307301 61.008400
v 137.900131 20.977800 63.575500
v 137.223236 26.492500 60.733002
v 137.223236 26.472700 65.038399
v 137.223236 26.228800 65.027802
v 137.223236 12.540300 68.702904
v 137.223236 10.402700 64.964302
v 137.223236 16.260201 70.872803
v 137.223236 20.565001 70.892601
v 137.223236 24.302799 68.757103
v 137.223236 20.639000 54.824501
v 137.223236 16.334299 54.804600
v 137.223236 12.594600 56.940201
v 137.223236 10.422600 60.658901
v 137.900131 19.109600 65.427002
v 137.900131 17.763901 60.309700
v 137.900131 15.878500 62.165699
v 137.900131 16.549200 64.732697
v 145.430634 8.948900 65.390198
v 144.675323 9.503400 65.244598
v 144.675323 11.901400 69.437500
v 145.430634 11.494300 69.840401
v 144.675323 16.073601 71.871101
v 145.430634 15.922900 72.423401
v 144.675323 20.901501 71.893402
v 145.430634 21.047100 72.446999
v 144.675323 25.093800 69.498299
v 145.430634 25.496700 69.904999
v 144.675323 27.527399 65.327698
v 145.430634 28.079700 65.478401
v 144.675323 27.549601 60.499001
v 145.430634 28.103300 60.353401
v 144.675323 25.154600 56.306099
v 145.430634 25.561300 55.903198
v 144.675323 20.984600 53.872501
v 145.430634 21.135300 53.320202
v 144.675323 16.156700 53.850201
v 145.430634 16.011101 53.296600
v 144.675323 11.962200 56.245300
v 145.430634 11.558900 55.838600
v 144.675323 9.525700 60.415901
v 145.430634 8.972600 60.265202
v 148.949524 16.282200 65.098503
v 147.825729 13.964100 67.394897
v 147.825729 12.313200 64.506401
v 148.949524 15.469900 63.676498
v 148.949524 17.696501 65.923798
v 147.825729 16.837601 69.071404
v 148.949524 19.333799 65.931396
v 147.825729 20.163500 69.086800
v 148.949524 20.755400 65.119102
v 147.825729 23.051399 67.436798
v 148.949524 21.580500 63.704700
v 147.825729 24.727699 64.563698
v 148.949524 21.588100 62.067101
v 147.825729 24.743000 61.237202
v 148.949524 20.775999 60.645100
v 147.825729 23.093201 58.348701
v 148.949524 19.362000 59.819801
v 147.825729 20.220699 56.672199
v 148.949524 17.724701 59.812302
v 147.825729 16.894899 56.656799
v 148.949524 16.302799 60.624500
v 147.825729 14.006000 58.306801
v 148.949524 15.477400 62.038898
v 147.825729 12.328600 61.179901
v 145.171722 10.813100 70.514603
v 145.171722 8.021000 65.633904
v 145.171722 8.046900 60.013000
v 145.171722 10.884000 55.158199
v 145.171722 15.767400 52.370201
v 145.171722 21.387400 52.396099
v 145.171722 26.241699 55.229000
v 145.171722 29.029699 60.109699
v 145.171722 29.003799 65.730598
v 145.171722 26.170900 70.585403
v 145.171722 21.290701 73.373398
v 145.171722 15.670700 73.347504
v 147.886429 16.858000 64.527901
v 147.886429 16.253901 63.470299
v 146.264725 16.253901 63.470299
v 146.264725 16.858000 64.527901
v 147.886429 17.909901 65.141800
v 146.264725 17.909901 65.141800
v 147.886429 19.127701 65.147400
v 146.264725 19.127701 65.147400
v 147.886429 20.184999 64.543297
v 146.264725 20.184999 64.543297
v 147.886429 20.798700 63.491299
v 146.264725 20.798700 63.491299
v 147.886429 20.804399 62.273300
v 146.264725 20.804399 62.273300
v 147.886429 20.200399 61.215698
v 146.264725 20.200399 61.215698
v 147.886429 19.148600 60.601799
v 146.264725 19.148600 60.601799
v 147.886429 17.930901 60.596199
v 146.264725 17.930901 60.596199
v 147.886429 16.873301 61.200298
v 146.264725 16.873301 61.200298
v 147.886429 16.259501 62.252300
v 146.264725 16.259501 62.252300
v 146.018234 12.351100 68.992203
v 146.018234 16.240200 71.260803
v 146.018234 20.740700 71.281601
v 146.018234 24.648500 69.048897
v 146.018234 26.917101 65.161102
v 146.018234 26.937799 60.659901
v 146.018234 24.705200 56.751400
v 146.018234 20.818100 54.482800
v 146.018234 16.317600 54.462002
v 146.018234 12.407800 56.694698
v 146.018234 10.136900 60.582500
v 146.018234 10.116100 65.083702
v 146.264725 16.817101 63.322201
v 146.264725 17.271700 64.117996
v 146.264725 18.063200 64.579903
v 146.264725 18.979601 64.584099
v 146.264725 19.775200 64.129501
v 146.264725 20.237000 63.337898
v 146.264725 20.241199 62.421398
v 146.264725 19.786699 61.625599
v 146.264725 18.995300 61.163700
v 146.264725 18.079000 61.159500
v 146.264725 17.283300 61.614101
v 146.264725 16.821400 62.405701
v 149.902634 16.817101 63.322201
v 149.902634 17.271700 64.117996
v 149.902634 18.063200 64.579903
v 149.902634 18.979601 64.584099
v 149.902634 19.775200 64.129501
v 149.902634 20.237000 63.337898
v 149.902634 20.241199 62.421398
v 149.902634 19.786699 61.625599
v 149.902634 18.995300 61.163700
v 149.902634 18.079000 61.159500
v 149.902634 17.283300 61.614101
v 149.902634 16.821400 62.405701
v 150.378632 18.529301 62.871799
vt 0.108000 0.606000
vt 0.115400 0.605900
vt 0.115400 0.625000
vt 0.108000 0.624900
vt 0.125300 0.606100
vt 0.125300 0.625600
vt 0.134000 0.606500
vt 0.134000 0.626000
vt 0.044400 0.484300
vt 0.057000 0.477300
vt 0.060900 0.481200
vt 0.046100 0.489700
vt 0.043000 0.479000
vt 0.041900 0.473700
vt 0.049300 0.469500
vt 0.053100 0.473400
vt 0.215100 0.617500
vt 0.213700 0.622700
vt 0.204000 0.617100
vt 0.207800 0.613300
vt 0.212300 0.628000
vt 0.200200 0.621000
vt 0.115400 0.644200
vt 0.107900 0.644000
vt 0.125300 0.644900
vt 0.134000 0.645400
vt 0.064100 0.465100
vt 0.069400 0.466500
vt 0.053600 0.462200
vt 0.058800 0.463600
vt 0.198400 0.607500
vt 0.203500 0.606100
vt 0.193100 0.608900
vt 0.115400 0.663400
vt 0.107900 0.663300
vt 0.125300 0.664100
vt 0.134000 0.664500
vt 0.064200 0.450900
vt 0.069500 0.449500
vt 0.053600 0.453700
vt 0.058800 0.452300
vt 0.198300 0.596300
vt 0.203500 0.597700
vt 0.193100 0.594900
vt 0.115300 0.682800
vt 0.107900 0.682700
vt 0.125200 0.683300
vt 0.134000 0.683600
vt 0.057100 0.438600
vt 0.061000 0.434700
vt 0.049400 0.446300
vt 0.053200 0.442500
vt 0.203900 0.586600
vt 0.207700 0.590400
vt 0.200000 0.582800
vt 0.115300 0.702300
vt 0.107900 0.702400
vt 0.125200 0.702600
vt 0.133900 0.702700
vt 0.044900 0.431500
vt 0.046300 0.426100
vt 0.042000 0.442000
vt 0.043400 0.436800
vt 0.213600 0.581000
vt 0.215000 0.586100
vt 0.212200 0.575700
vt 0.115300 0.721800
vt 0.107900 0.721900
vt 0.125200 0.721900
vt 0.134000 0.721900
vt 0.030700 0.431400
vt 0.029300 0.426100
vt 0.033500 0.442000
vt 0.032100 0.436800
vt 0.224800 0.580900
vt 0.223400 0.586100
vt 0.226200 0.575600
vt 0.115400 0.741300
vt 0.107900 0.741300
vt 0.125200 0.741300
vt 0.134000 0.741100
vt 0.018500 0.438400
vt 0.014500 0.434500
vt 0.026200 0.446200
vt 0.022400 0.442400
vt 0.234400 0.586400
vt 0.230700 0.590200
vt 0.238300 0.582600
vt 0.115400 0.761100
vt 0.107900 0.760000
vt 0.125300 0.761200
vt 0.134000 0.759900
vt 0.011400 0.450700
vt 0.006000 0.449200
vt 0.021900 0.453500
vt 0.016700 0.452100
vt 0.240100 0.596100
vt 0.234900 0.597500
vt 0.245300 0.594700
vt 0.107900 0.530200
vt 0.115400 0.528300
vt 0.115400 0.548100
vt 0.107900 0.548800
vt 0.125300 0.527700
vt 0.125300 0.547600
vt 0.134000 0.528800
vt 0.134000 0.547600
vt 0.011300 0.464800
vt 0.005900 0.466200
vt 0.021900 0.462000
vt 0.016600 0.463400
vt 0.240100 0.607300
vt 0.234900 0.605900
vt 0.245400 0.608700
vt 0.115400 0.567500
vt 0.108000 0.568000
vt 0.125300 0.567100
vt 0.134000 0.567100
vt 0.018300 0.477100
vt 0.014400 0.481000
vt 0.026100 0.469400
vt 0.022200 0.473200
vt 0.234600 0.617000
vt 0.230800 0.613200
vt 0.238500 0.620800
vt 0.115400 0.586700
vt 0.108000 0.587000
vt 0.125300 0.586600
vt 0.134000 0.586800
vt 0.030200 0.484200
vt 0.029100 0.489600
vt 0.033400 0.473700
vt 0.031700 0.478900
vt 0.224900 0.622600
vt 0.223500 0.617500
vt 0.226400 0.627900
vt 0.211000 0.633200
vt 0.196300 0.624900
vt 0.187900 0.610400
vt 0.187800 0.593500
vt 0.196200 0.578900
vt 0.210800 0.570400
vt 0.227600 0.570400
vt 0.242200 0.578700
vt 0.250600 0.593200
vt 0.250700 0.610100
vt 0.242300 0.624700
vt 0.227800 0.633200
vt 0.230100 0.591000
vt 0.222700 0.598500
vt 0.217900 0.597300
vt 0.223200 0.587100
vt 0.215200 0.587100
vt 0.215300 0.587600
vt 0.208500 0.612900
vt 0.215400 0.616800
vt 0.204500 0.606000
vt 0.204400 0.598000
vt 0.208400 0.591100
vt 0.234100 0.597900
vt 0.234100 0.605800
vt 0.230200 0.612800
vt 0.223300 0.616800
vt 0.214500 0.600700
vt 0.224000 0.603200
vt 0.220500 0.606700
vt 0.215800 0.605500
vt 0.149800 0.423700
vt 0.149500 0.422700
vt 0.157100 0.418300
vt 0.157800 0.419100
vt 0.161500 0.410800
vt 0.162500 0.411100
vt 0.161500 0.402100
vt 0.162500 0.401800
vt 0.157200 0.394500
vt 0.157900 0.393700
vt 0.149600 0.390100
vt 0.149900 0.389100
vt 0.140900 0.390000
vt 0.140600 0.389000
vt 0.133300 0.394400
vt 0.132600 0.393600
vt 0.128900 0.401900
vt 0.127900 0.401600
vt 0.128900 0.410600
vt 0.127900 0.410900
vt 0.133200 0.418200
vt 0.132500 0.419000
vt 0.140800 0.422600
vt 0.140500 0.423600
vt 0.149300 0.410400
vt 0.153400 0.414600
vt 0.148200 0.417600
vt 0.146700 0.411900
vt 0.150700 0.407900
vt 0.156400 0.409400
vt 0.150800 0.404900
vt 0.156500 0.403400
vt 0.149300 0.402300
vt 0.153500 0.398200
vt 0.146700 0.400800
vt 0.148300 0.395100
vt 0.143800 0.400800
vt 0.142300 0.395100
vt 0.141200 0.402300
vt 0.137000 0.398100
vt 0.139700 0.404800
vt 0.134000 0.403300
vt 0.139700 0.407800
vt 0.134000 0.409300
vt 0.141200 0.410400
vt 0.137000 0.414500
vt 0.143700 0.411900
vt 0.142200 0.417600
vt 0.159000 0.420300
vt 0.150200 0.425400
vt 0.140000 0.425300
vt 0.131300 0.420200
vt 0.126200 0.411300
vt 0.126300 0.401200
vt 0.131400 0.392400
vt 0.140200 0.387400
vt 0.150400 0.387400
vt 0.159200 0.392500
vt 0.164200 0.401400
vt 0.164200 0.411500
vt 0.148100 0.409300
vt 0.146300 0.410300
vt 0.146100 0.409700
vt 0.147700 0.408800
vt 0.149200 0.407400
vt 0.148600 0.407300
vt 0.149200 0.405300
vt 0.148600 0.405500
vt 0.148200 0.403400
vt 0.147700 0.403900
vt 0.146300 0.402400
vt 0.146100 0.403000
vt 0.144200 0.402400
vt 0.144300 0.403000
vt 0.142300 0.403400
vt 0.142800 0.403900
vt 0.141200 0.405300
vt 0.141900 0.405400
vt 0.141200 0.407400
vt 0.141900 0.407200
vt 0.142300 0.409300
vt 0.142800 0.408800
vt 0.144100 0.410300
vt 0.144300 0.409700
vt 0.156300 0.417500
vt 0.160400 0.410500
vt 0.160400 0.402300
vt 0.156400 0.395300
vt 0.149300 0.391200
vt 0.141200 0.391100
vt 0.134100 0.395200
vt 0.130100 0.402200
vt 0.130000 0.410400
vt 0.134000 0.417400
vt 0.141100 0.421500
vt 0.149200 0.421600
vt 0.145800 0.408600
vt 0.146800 0.408000
vt 0.147400 0.407000
vt 0.147400 0.405800
vt 0.146900 0.404700
vt 0.145800 0.404100
vt 0.144600 0.404100
vt 0.143600 0.404700
vt 0.143000 0.405700
vt 0.143000 0.406900
vt 0.143600 0.408000
vt 0.144600 0.408600
vt 0.145600 0.407900
vt 0.146400 0.407500
vt 0.146800 0.406800
vt 0.146800 0.405900
vt 0.146400 0.405200
vt 0.145700 0.404800
vt 0.144800 0.404800
vt 0.144100 0.405200
vt 0.143600 0.405900
vt 0.143600 0.406800
vt 0.144100 0.407500
vt 0.144800 0.407900
vt 0.145200 0.406300
vn -0.593512 -0.698551 0.399711
vn -0.593565 -0.698527 0.399676
vn -0.593721 -0.698454 0.399570
vn -0.593759 -0.698437 0.399545
vn -0.000000 0.967019 -0.254705
vn -0.000000 0.967019 -0.254705
vn -0.000000 0.709901 -0.704301
vn -0.000000 0.709901 -0.704301
vn 0.604405 0.770406 -0.202902
vn 0.604393 0.770391 -0.202997
vn 0.604389 0.565690 -0.560990
vn 0.604389 0.565490 -0.561190
vn 0.999810 0.013800 -0.013800
vn 0.970737 0.170507 -0.169106
vn 0.999807 0.019000 -0.005000
vn 0.970773 0.232093 -0.061098
vn 0.934590 -0.343996 0.090599
vn 0.894575 -0.432188 0.113797
vn 0.934441 -0.252811 0.250811
vn 0.894408 -0.317503 0.315003
vn -0.931112 -0.352704 0.092901
vn -0.930979 -0.259194 0.257094
vn -0.895178 -0.430989 0.113597
vn -0.895008 -0.316703 0.314103
vn -0.999743 0.021901 -0.005800
vn -0.999746 0.016001 -0.015901
vn -0.931112 -0.352704 0.092901
vn -0.930979 -0.259194 0.257094
vn -0.606893 0.564093 -0.559893
vn -0.606892 0.564293 -0.559693
vn -0.606498 0.209099 -0.767097
vn -0.606607 0.209103 -0.767009
vn -0.000000 0.709901 -0.704301
vn -0.000000 0.709901 -0.704301
vn -0.000000 0.262999 -0.964796
vn -0.000000 0.262999 -0.964796
vn 0.604389 0.565690 -0.560990
vn 0.604389 0.565490 -0.561190
vn 0.604014 0.209605 -0.768917
vn 0.604026 0.209509 -0.768933
vn 0.999808 0.005100 -0.018900
vn 0.970685 0.063199 -0.231896
vn 0.999810 0.013800 -0.013800
vn 0.970737 0.170507 -0.169106
vn 0.934441 -0.252811 0.250811
vn 0.894408 -0.317503 0.315003
vn 0.934394 -0.093699 0.343698
vn 0.894304 -0.117701 0.431702
vn -0.895008 -0.316703 0.314103
vn -0.930979 -0.259194 0.257094
vn -0.894918 -0.117402 0.430509
vn -0.930902 -0.096100 0.352401
vn -0.999746 0.016001 -0.015901
vn -0.999745 0.005900 -0.021801
vn -0.930979 -0.259194 0.257094
vn -0.930902 -0.096100 0.352401
vn -0.606498 0.209099 -0.767097
vn -0.606607 0.209103 -0.767009
vn -0.606520 -0.202207 -0.768925
vn -0.606520 -0.202207 -0.768925
vn -0.000000 0.262999 -0.964796
vn -0.000000 0.262999 -0.964796
vn -0.000000 -0.254400 -0.967099
vn -0.000000 -0.254400 -0.967099
vn 0.604014 0.209605 -0.768917
vn 0.604026 0.209509 -0.768933
vn 0.603989 -0.202696 -0.770786
vn 0.603989 -0.202696 -0.770786
vn 0.999808 0.005100 -0.018900
vn 0.999807 -0.005000 -0.019000
vn 0.970685 0.063199 -0.231896
vn 0.970677 -0.061099 -0.232494
vn 0.934394 -0.093699 0.343698
vn 0.894304 -0.117701 0.431702
vn 0.934372 0.090597 0.344590
vn 0.894283 0.113798 0.432792
vn -0.894918 -0.117402 0.430509
vn -0.930902 -0.096100 0.352401
vn -0.894936 0.113505 0.431517
vn -0.930888 0.092899 0.353295
vn -0.999745 0.005900 -0.021801
vn -0.999743 -0.005800 -0.021901
vn -0.930902 -0.096100 0.352401
vn -0.930888 0.092899 0.353295
vn -0.606520 -0.202207 -0.768925
vn -0.606520 -0.202207 -0.768925
vn -0.606502 -0.559602 -0.564802
vn -0.606502 -0.559602 -0.564802
vn -0.000000 -0.254400 -0.967099
vn -0.000000 -0.254400 -0.967099
vn -0.000000 -0.703799 -0.710399
vn -0.000000 -0.703799 -0.710399
vn 0.603989 -0.202696 -0.770786
vn 0.603989 -0.202696 -0.770786
vn 0.604032 -0.560930 -0.566130
vn 0.604032 -0.560930 -0.566130
vn 0.999807 -0.005000 -0.019000
vn 0.999808 -0.013800 -0.013900
vn 0.970677 -0.061099 -0.232494
vn 0.970688 -0.169198 -0.170698
vn 0.934372 0.090597 0.344590
vn 0.894283 0.113798 0.432792
vn 0.934370 0.250792 0.253092
vn 0.894274 0.314991 0.317891
vn -0.894936 0.113505 0.431517
vn -0.930888 0.092899 0.353295
vn -0.894903 0.314101 0.317001
vn -0.930893 0.257098 0.259498
vn -0.999743 -0.005800 -0.021901
vn -0.999744 -0.015901 -0.016101
vn -0.930888 0.092899 0.353295
vn -0.930893 0.257098 0.259498
vn -0.606502 -0.559602 -0.564802
vn -0.606502 -0.559602 -0.564802
vn -0.606519 -0.767024 -0.209307
vn -0.606519 -0.767024 -0.209307
vn -0.000000 -0.703799 -0.710399
vn -0.000000 -0.703799 -0.710399
vn -0.000000 -0.964713 -0.263304
vn -0.000000 -0.964713 -0.263304
vn 0.604032 -0.560930 -0.566130
vn 0.604032 -0.560930 -0.566130
vn 0.603988 -0.768885 -0.209796
vn 0.603988 -0.768885 -0.209796
vn 0.999808 -0.013800 -0.013900
vn 0.999808 -0.018900 -0.005200
vn 0.970688 -0.169198 -0.170698
vn 0.970679 -0.231895 -0.063299
vn 0.934370 0.250792 0.253092
vn 0.894274 0.314991 0.317891
vn 0.934385 0.343695 0.093799
vn 0.894294 0.431697 0.117799
vn -0.894903 0.314101 0.317001
vn -0.930893 0.257098 0.259498
vn -0.894908 0.430504 0.117501
vn -0.930893 0.352397 0.096199
vn -0.999744 -0.015901 -0.016101
vn -0.999744 -0.021801 -0.006000
vn -0.930893 0.257098 0.259498
vn -0.930893 0.352397 0.096199
vn -0.606519 -0.767024 -0.209307
vn -0.606519 -0.767024 -0.209307
vn -0.606520 -0.768925 0.202207
vn -0.606520 -0.768925 0.202207
vn -0.000000 -0.964713 -0.263304
vn -0.000000 -0.964713 -0.263304
vn 0.000000 -0.967099 0.254400
vn 0.000000 -0.967099 0.254400
vn 0.603988 -0.768885 -0.209796
vn 0.603988 -0.768885 -0.209796
vn 0.603989 -0.770786 0.202696
vn 0.603989 -0.770786 0.202696
vn 0.999808 -0.018900 -0.005200
vn 0.999807 -0.019000 0.005000
vn 0.970679 -0.231895 -0.063299
vn 0.970677 -0.232494 0.061099
vn 0.934385 0.343695 0.093799
vn 0.894294 0.431697 0.117799
vn 0.934372 0.344590 -0.090597
vn 0.894283 0.432792 -0.113798
vn -0.894908 0.430504 0.117501
vn -0.930893 0.352397 0.096199
vn -0.894936 0.431517 -0.113505
vn -0.930888 0.353295 -0.092899
vn -0.999744 -0.021801 -0.006000
vn -0.999743 -0.021901 0.005800
vn -0.930893 0.352397 0.096199
vn -0.930888 0.353295 -0.092899
vn -0.606520 -0.768925 0.202207
vn -0.606520 -0.768925 0.202207
vn -0.606502 -0.564802 0.559602
vn -0.606502 -0.564802 0.559602
vn 0.000000 -0.967099 0.254400
vn 0.000000 -0.967099 0.254400
vn 0.000000 -0.710399 0.703799
vn 0.000000 -0.710399 0.703799
vn 0.603989 -0.770786 0.202696
vn 0.603989 -0.770786 0.202696
vn 0.604032 -0.566130 0.560930
vn 0.604032 -0.566130 0.560930
vn 0.999807 -0.019000 0.005000
vn 0.999808 -0.013900 0.013800
vn 0.970677 -0.232494 0.061099
vn 0.970688 -0.170698 0.169198
vn 0.934372 0.344590 -0.090597
vn 0.894283 0.432792 -0.113798
vn 0.934370 0.253092 -0.250792
vn 0.894302 0.317901 -0.314901
vn -0.894936 0.431517 -0.113505
vn -0.930888 0.353295 -0.092899
vn -0.894903 0.317001 -0.314101
vn -0.930893 0.259498 -0.257098
vn -0.999743 -0.021901 0.005800
vn -0.999744 -0.016101 0.015901
vn -0.930888 0.353295 -0.092899
vn -0.930893 0.259498 -0.257098
vn -0.606502 -0.564802 0.559602
vn -0.606502 -0.564802 0.559602
vn -0.606519 -0.209307 0.767024
vn -0.606519 -0.209307 0.767024
vn 0.000000 -0.710399 0.703799
vn 0.000000 -0.710399 0.703799
vn 0.000000 -0.263304 0.964713
vn 0.000000 -0.263304 0.964713
vn 0.604032 -0.566130 0.560930
vn 0.604032 -0.566130 0.560930
vn 0.603988 -0.209796 0.768885
vn 0.603988 -0.209796 0.768885
vn 0.999808 -0.013900 0.013800
vn 0.999808 -0.005200 0.018900
vn 0.970688 -0.170698 0.169198
vn 0.970679 -0.063299 0.231895
vn 0.934370 0.253092 -0.250792
vn 0.894302 0.317901 -0.314901
vn 0.934385 0.093799 -0.343695
vn 0.894294 0.117799 -0.431697
vn -0.894903 0.317001 -0.314101
vn -0.930893 0.259498 -0.257098
vn -0.894908 0.117501 -0.430504
vn -0.930893 0.096199 -0.352397
vn -0.999744 -0.016101 0.015901
vn -0.999744 -0.006000 0.021801
vn -0.930893 0.259498 -0.257098
vn -0.930893 0.096199 -0.352397
vn -0.606519 -0.209307 0.767024
vn -0.606519 -0.209307 0.767024
vn -0.606498 0.201999 0.768997
vn -0.606498 0.201999 0.768997
vn 0.000000 -0.263304 0.964713
vn 0.000000 -0.263304 0.964713
vn 0.000000 0.254095 0.967179
vn 0.000000 0.254095 0.967179
vn 0.603988 -0.209796 0.768885
vn 0.603988 -0.209796 0.768885
vn 0.604014 0.202505 0.770817
vn 0.604014 0.202505 0.770817
vn 0.999808 -0.005200 0.018900
vn 0.999809 0.005000 0.018900
vn 0.970679 -0.063299 0.231895
vn 0.970677 0.061099 0.232494
vn 0.934385 0.093799 -0.343695
vn 0.894294 0.117799 -0.431697
vn 0.934372 -0.090597 -0.344590
vn 0.894283 -0.113798 -0.432792
vn -0.894908 0.117501 -0.430504
vn -0.930893 0.096199 -0.352397
vn -0.894946 -0.113406 -0.431522
vn -0.930888 -0.092899 -0.353295
vn -0.999744 -0.006000 0.021801
vn -0.999744 0.005700 0.021901
vn -0.930893 0.096199 -0.352397
vn -0.930888 -0.092899 -0.353295
vn -0.606498 0.201999 0.768997
vn -0.606498 0.201999 0.768997
vn -0.606890 0.558991 0.564991
vn -0.606890 0.559091 0.564891
vn 0.000000 0.254095 0.967179
vn 0.000000 0.254095 0.967179
vn 0.000000 0.703397 0.710797
vn 0.000000 0.703397 0.710797
vn 0.604014 0.202505 0.770817
vn 0.604014 0.202505 0.770817
vn 0.604290 0.560490 0.566290
vn 0.604387 0.560288 0.566387
vn 0.999809 0.005000 0.018900
vn 0.999810 0.013700 0.013900
vn 0.970677 0.061099 0.232494
vn 0.970720 0.169004 0.170704
vn 0.934372 -0.090597 -0.344590
vn 0.894283 -0.113798 -0.432792
vn 0.934453 -0.250487 -0.253087
vn 0.894379 -0.314692 -0.317892
vn -0.894946 -0.113406 -0.431522
vn -0.930888 -0.092899 -0.353295
vn -0.895035 -0.313712 -0.317012
vn -0.930978 -0.256794 -0.259494
vn -0.999746 0.015801 0.016101
vn -0.930978 -0.256794 -0.259494
vn -0.999744 0.005700 0.021901
vn -0.930888 -0.092899 -0.353295
vn -0.606890 0.558991 0.564991
vn -0.606890 0.559091 0.564891
vn -0.606920 0.766625 0.209607
vn -0.606996 0.766594 0.209498
vn 0.000000 0.703397 0.710797
vn 0.000000 0.703397 0.710797
vn 0.000000 0.964630 0.263608
vn 0.000000 0.964630 0.263608
vn 0.604290 0.560490 0.566290
vn 0.604387 0.560288 0.566387
vn 0.604415 0.768519 0.209905
vn 0.604403 0.768503 0.210001
vn 0.999810 0.013700 0.013900
vn 0.999806 0.019000 0.005200
vn 0.970720 0.169004 0.170704
vn 0.970775 0.231494 0.063298
vn 0.894379 -0.314692 -0.317892
vn 0.894575 -0.431088 -0.117897
vn 0.934453 -0.250487 -0.253087
vn 0.934571 -0.343189 -0.093797
vn -0.895035 -0.313712 -0.317012
vn -0.930978 -0.256794 -0.259494
vn -0.895199 -0.429899 -0.117500
vn -0.931084 -0.351894 -0.096198
vn -0.999742 0.021901 0.006000
vn -0.931084 -0.351894 -0.096198
vn -0.999746 0.015801 0.016101
vn -0.930978 -0.256794 -0.259494
vn -0.606920 0.766625 0.209607
vn -0.606996 0.766594 0.209498
vn -0.606922 0.768528 -0.202508
vn -0.606888 0.768585 -0.202396
vn 0.000000 0.964630 0.263608
vn 0.000000 0.964630 0.263608
vn -0.000000 0.967019 -0.254705
vn -0.000000 0.967019 -0.254705
vn 0.604415 0.768519 0.209905
vn 0.604403 0.768503 0.210001
vn 0.604405 0.770406 -0.202902
vn 0.604393 0.770391 -0.202997
vn 0.999806 0.019000 0.005200
vn 0.999807 0.019000 -0.005000
vn 0.970775 0.231494 0.063298
vn 0.970773 0.232093 -0.061098
vn 0.934571 -0.343189 -0.093797
vn 0.894575 -0.431088 -0.117897
vn 0.934590 -0.343996 0.090599
vn 0.894575 -0.432188 0.113797
vn -0.895199 -0.429899 -0.117500
vn -0.931084 -0.351894 -0.096198
vn -0.895178 -0.430989 0.113597
vn -0.931112 -0.352704 0.092901
vn -0.999742 0.021901 0.006000
vn -0.999743 0.021901 -0.005800
vn -0.931084 -0.351894 -0.096198
vn -0.931112 -0.352704 0.092901
vn 0.934441 -0.252811 0.250811
vn 0.999810 0.013800 -0.013800
vn 0.934590 -0.343996 0.090599
vn 0.999807 0.019000 -0.005000
vn 0.934394 -0.093699 0.343698
vn 0.999808 0.005100 -0.018900
vn 0.934441 -0.252811 0.250811
vn 0.999810 0.013800 -0.013800
vn 0.934394 -0.093699 0.343698
vn 0.934372 0.090597 0.344590
vn 0.999808 0.005100 -0.018900
vn 0.999807 -0.005000 -0.019000
vn 0.934372 0.090597 0.344590
vn 0.934370 0.250792 0.253092
vn 0.999807 -0.005000 -0.019000
vn 0.999808 -0.013800 -0.013900
vn 0.934370 0.250792 0.253092
vn 0.934385 0.343695 0.093799
vn 0.999808 -0.013800 -0.013900
vn 0.999808 -0.018900 -0.005200
vn 0.934385 0.343695 0.093799
vn 0.934372 0.344590 -0.090597
vn 0.999808 -0.018900 -0.005200
vn 0.999807 -0.019000 0.005000
vn 0.934372 0.344590 -0.090597
vn 0.934370 0.253092 -0.250792
vn 0.999807 -0.019000 0.005000
vn 0.999808 -0.013900 0.013800
vn 0.934370 0.253092 -0.250792
vn 0.934385 0.093799 -0.343695
vn 0.999808 -0.013900 0.013800
vn 0.999808 -0.005200 0.018900
vn 0.934385 0.093799 -0.343695
vn 0.934372 -0.090597 -0.344590
vn 0.999808 -0.005200 0.018900
vn 0.999809 0.005000 0.018900
vn 0.934372 -0.090597 -0.344590
vn 0.934453 -0.250487 -0.253087
vn 0.999809 0.005000 0.018900
vn 0.999810 0.013700 0.013900
vn 0.934453 -0.250487 -0.253087
vn 0.934571 -0.343189 -0.093797
vn 0.999810 0.013700 0.013900
vn 0.999806 0.019000 0.005200
vn 0.934571 -0.343189 -0.093797
vn 0.934590 -0.343996 0.090599
vn 0.999806 0.019000 0.005200
vn 0.999807 0.019000 -0.005000
vn -0.966311 0.248903 -0.065501
vn -0.966255 0.182891 -0.181391
vn -0.999743 0.021901 -0.005800
vn -0.999746 0.016001 -0.015901
vn -0.966255 0.182891 -0.181391
vn -0.966204 0.067800 -0.248701
vn -0.999746 0.016001 -0.015901
vn -0.999745 0.005900 -0.021801
vn -0.966204 0.067800 -0.248701
vn -0.966202 -0.065600 -0.249300
vn -0.999745 0.005900 -0.021801
vn -0.999743 -0.005800 -0.021901
vn -0.966202 -0.065600 -0.249300
vn -0.966213 -0.181402 -0.183102
vn -0.999743 -0.005800 -0.021901
vn -0.999744 -0.015901 -0.016101
vn -0.966213 -0.181402 -0.183102
vn -0.966198 -0.248699 -0.067900
vn -0.999744 -0.015901 -0.016101
vn -0.999744 -0.021801 -0.006000
vn -0.966198 -0.248699 -0.067900
vn -0.966202 -0.249300 0.065600
vn -0.999744 -0.021801 -0.006000
vn -0.999743 -0.021901 0.005800
vn -0.966202 -0.249300 0.065600
vn -0.966213 -0.183102 0.181402
vn -0.999743 -0.021901 0.005800
vn -0.999744 -0.016101 0.015901
vn -0.966213 -0.183102 0.181402
vn -0.966198 -0.067900 0.248699
vn -0.999744 -0.016101 0.015901
vn -0.999744 -0.006000 0.021801
vn -0.966198 -0.067900 0.248699
vn -0.966208 0.065501 0.249302
vn -0.999744 -0.006000 0.021801
vn -0.999744 0.005700 0.021901
vn -0.966272 0.181195 0.182995
vn -0.999746 0.015801 0.016101
vn -0.966208 0.065501 0.249302
vn -0.999744 0.005700 0.021901
vn -0.966307 0.248302 0.067800
vn -0.999742 0.021901 0.006000
vn -0.966272 0.181195 0.182995
vn -0.999746 0.015801 0.016101
vn -0.966307 0.248302 0.067800
vn -0.966311 0.248903 -0.065501
vn -0.999742 0.021901 0.006000
vn -0.999743 0.021901 -0.005800
vn -0.993597 0.082400 -0.077300
vn -0.993699 0.083200 -0.075100
vn -0.993887 0.105899 -0.031200
vn -0.993392 0.108399 0.037700
vn -0.997173 0.059498 0.045899
vn -0.993887 0.105899 -0.031200
vn -0.968962 0.007700 0.247090
vn -0.993392 0.108399 0.037700
vn -0.590788 0.565188 -0.575788
vn -0.588796 0.584296 -0.558496
vn -0.563095 0.797393 -0.216998
vn -0.562383 0.801876 -0.201794
vn -0.624788 0.194096 -0.756285
vn -0.622477 0.221392 -0.750672
vn -0.590788 0.565188 -0.575788
vn -0.588796 0.584296 -0.558496
vn -0.655011 -0.201303 -0.728312
vn -0.653506 -0.180002 -0.735207
vn -0.624788 0.194096 -0.756285
vn -0.622477 0.221392 -0.750672
vn -0.674885 -0.522989 -0.520589
vn -0.674401 -0.514701 -0.529401
vn -0.655011 -0.201303 -0.728312
vn -0.653506 -0.180002 -0.735207
vn -0.681483 -0.705982 -0.192795
vn -0.681487 -0.706087 -0.192396
vn -0.674885 -0.522989 -0.520589
vn -0.674401 -0.514701 -0.529401
vn -0.681483 -0.705982 -0.192795
vn -0.673992 -0.715791 0.182698
vn -0.681487 -0.706087 -0.192396
vn -0.673523 -0.712924 0.195207
vn -0.673992 -0.715791 0.182698
vn -0.653314 -0.544512 0.526011
vn -0.673523 -0.712924 0.195207
vn -0.651779 -0.529383 0.543082
vn -0.653314 -0.544512 0.526011
vn -0.622617 -0.217406 0.751720
vn -0.651779 -0.529383 0.543082
vn -0.620278 -0.190993 0.760774
vn -0.622617 -0.217406 0.751720
vn -0.588513 0.195004 0.784618
vn -0.620278 -0.190993 0.760774
vn -0.586565 0.219987 0.779453
vn -0.588513 0.195004 0.784618
vn -0.561511 0.577612 0.592512
vn -0.586565 0.219987 0.779453
vn -0.560794 0.588594 0.582294
vn -0.561511 0.577612 0.592512
vn -0.551788 0.804582 0.219495
vn -0.560794 0.588594 0.582294
vn -0.551804 0.804405 0.220101
vn -0.563095 0.797393 -0.216998
vn -0.562383 0.801876 -0.201794
vn -0.551788 0.804582 0.219495
vn -0.551804 0.804405 0.220101
vn -0.997173 0.059498 0.045899
vn -0.968962 0.007700 0.247090
vn -1.000000 0.000000 0.000000
vn -0.995551 0.024801 0.090905
vn -0.993392 0.108399 0.037700
vn -0.992818 0.031901 0.115302
vn -0.968962 0.007700 0.247090
vn -0.995551 0.024801 0.090905
vn -0.993564 -0.025799 -0.110296
vn -0.993674 -0.023599 -0.109797
vn -0.993874 0.026099 -0.107397
vn -0.993699 0.083200 -0.075100
vn -0.993597 0.082400 -0.077300
vn -0.993874 0.026099 -0.107397
vn -0.993699 0.083200 -0.075100
vn -0.994760 -0.100496 -0.018799
vn -1.000000 0.000000 0.000000
vn -0.992915 -0.114602 -0.031400
vn -0.995440 -0.067803 0.067103
vn -0.992885 -0.084699 0.083699
vn -0.992915 -0.114602 -0.031400
vn -0.995440 -0.067803 0.067103
vn -0.994760 -0.100496 -0.018799
vn -0.992915 -0.114602 -0.031400
vn -0.993831 -0.080202 -0.076602
vn -0.993674 -0.023599 -0.109797
vn -0.993564 -0.025799 -0.110296
vn -0.993831 -0.080202 -0.076602
vn -0.993674 -0.023599 -0.109797
vn -0.995440 -0.067803 0.067103
vn -1.000000 0.000000 0.000000
vn -0.992885 -0.084699 0.083699
vn -0.995551 0.024801 0.090905
vn -0.992818 0.031901 0.115302
vn -0.992885 -0.084699 0.083699
vn -0.995551 0.024801 0.090905
vn 0.604591 -0.770288 0.202797
vn 0.604578 -0.770272 0.202893
vn 0.604194 -0.565894 0.560994
vn 0.604194 -0.565794 0.561094
vn 0.604194 -0.565894 0.560994
vn 0.604194 -0.565794 0.561094
vn 0.604111 -0.209704 0.768814
vn 0.604111 -0.209704 0.768814
vn 0.604111 -0.209704 0.768814
vn 0.604111 -0.209704 0.768814
vn 0.604036 0.202712 0.770746
vn 0.604036 0.202712 0.770746
vn 0.604036 0.202712 0.770746
vn 0.604036 0.202712 0.770746
vn 0.604032 0.560930 0.566130
vn 0.604032 0.560930 0.566130
vn 0.604032 0.560930 0.566130
vn 0.604032 0.560930 0.566130
vn 0.604035 0.768844 0.209812
vn 0.604035 0.768844 0.209812
vn 0.604035 0.768844 0.209812
vn 0.604035 0.768844 0.209812
vn 0.604036 0.770746 -0.202712
vn 0.604036 0.770746 -0.202712
vn 0.604036 0.770746 -0.202712
vn 0.604036 0.770746 -0.202712
vn 0.604032 0.566130 -0.560930
vn 0.604032 0.566130 -0.560930
vn 0.604032 0.566130 -0.560930
vn 0.604032 0.566130 -0.560930
vn 0.604035 0.209812 -0.768844
vn 0.604035 0.209812 -0.768844
vn 0.604035 0.209812 -0.768844
vn 0.604035 0.209812 -0.768844
vn 0.603989 -0.202696 -0.770786
vn 0.604001 -0.202600 -0.770802
vn 0.603989 -0.202696 -0.770786
vn 0.604001 -0.202600 -0.770802
vn 0.604193 -0.560693 -0.566193
vn 0.604192 -0.560593 -0.566293
vn 0.604193 -0.560693 -0.566193
vn 0.604192 -0.560593 -0.566293
vn 0.604589 -0.768386 -0.209896
vn 0.604576 -0.768369 -0.209992
vn 0.604589 -0.768386 -0.209896
vn 0.604576 -0.768369 -0.209992
vn 0.604591 -0.770288 0.202797
vn 0.604578 -0.770272 0.202893
vn 0.945499 0.231300 -0.229200
vn 0.864711 0.356705 -0.353605
vn 0.945535 0.314812 -0.082803
vn 0.864792 0.485595 -0.127799
vn 0.945483 0.085698 -0.314194
vn 0.864649 0.132192 -0.484672
vn 0.945499 0.231300 -0.229200
vn 0.864711 0.356705 -0.353605
vn 0.945498 -0.082900 -0.314899
vn 0.864615 -0.127802 -0.485909
vn 0.945483 0.085698 -0.314194
vn 0.864649 0.132192 -0.484672
vn 0.945477 -0.229294 -0.231294
vn 0.864624 -0.353610 -0.356910
vn 0.945498 -0.082900 -0.314899
vn 0.864615 -0.127802 -0.485909
vn 0.945483 -0.314194 -0.085698
vn 0.864613 -0.484707 -0.132302
vn 0.945477 -0.229294 -0.231294
vn 0.864624 -0.353610 -0.356910
vn 0.945476 -0.314992 0.082798
vn 0.864615 -0.485909 0.127802
vn 0.945483 -0.314194 -0.085698
vn 0.864613 -0.484707 -0.132302
vn 0.945477 -0.231394 0.229194
vn 0.864624 -0.356910 0.353610
vn 0.945476 -0.314992 0.082798
vn 0.864615 -0.485909 0.127802
vn 0.945475 -0.085798 0.314192
vn 0.864613 -0.132302 0.484707
vn 0.945477 -0.231394 0.229194
vn 0.864624 -0.356910 0.353610
vn 0.945476 0.082798 0.314992
vn 0.864615 0.127802 0.485909
vn 0.945475 -0.085798 0.314192
vn 0.864613 -0.132302 0.484707
vn 0.945499 0.229200 0.231300
vn 0.864680 0.353492 0.356892
vn 0.945476 0.082798 0.314992
vn 0.864615 0.127802 0.485909
vn 0.945513 0.314104 0.085701
vn 0.864789 0.484394 0.132298
vn 0.945499 0.229200 0.231300
vn 0.864680 0.353492 0.356892
vn 0.945535 0.314812 -0.082803
vn 0.864792 0.485595 -0.127799
vn 0.945513 0.314104 0.085701
vn 0.864789 0.484394 0.132298
vn 0.965398 0.185200 -0.183600
vn 0.965457 0.251989 -0.066297
vn 0.965380 0.185196 -0.183696
vn 0.965450 0.251987 -0.066397
vn 0.965457 0.251989 -0.066297
vn 0.965453 0.251388 0.068597
vn 0.965450 0.251987 -0.066397
vn 0.965470 0.251292 0.068698
vn 0.965453 0.251388 0.068597
vn 0.965397 0.183500 0.185299
vn 0.965470 0.251292 0.068698
vn 0.965397 0.183399 0.185399
vn 0.965397 0.183500 0.185299
vn 0.965352 0.066297 0.252388
vn 0.965397 0.183399 0.185399
vn 0.965352 0.066297 0.252388
vn 0.965352 0.066297 0.252388
vn 0.965366 -0.068698 0.251691
vn 0.965352 0.066297 0.252388
vn 0.965366 -0.068698 0.251691
vn 0.965366 -0.068698 0.251691
vn 0.965344 -0.185389 0.183689
vn 0.965366 -0.068698 0.251691
vn 0.965362 -0.185393 0.183593
vn 0.965344 -0.185389 0.183689
vn 0.965370 -0.252292 0.066398
vn 0.965362 -0.185393 0.183593
vn 0.965370 -0.252292 0.066398
vn 0.965370 -0.252292 0.066398
vn 0.965366 -0.251691 -0.068698
vn 0.965370 -0.252292 0.066398
vn 0.965366 -0.251691 -0.068698
vn 0.965366 -0.251691 -0.068698
vn 0.965362 -0.183693 -0.185293
vn 0.965366 -0.251691 -0.068698
vn 0.965362 -0.183693 -0.185293
vn 0.965362 -0.183693 -0.185293
vn 0.965346 -0.066396 -0.252386
vn 0.965362 -0.183693 -0.185293
vn 0.965346 -0.066396 -0.252386
vn 0.965346 -0.066396 -0.252386
vn 0.965366 0.068698 -0.251691
vn 0.965346 -0.066396 -0.252386
vn 0.965366 0.068698 -0.251691
vn 0.965366 0.068698 -0.251691
vn 0.965398 0.185200 -0.183600
vn 0.965366 0.068698 -0.251691
vn 0.965380 0.185196 -0.183696
vn 0.000000 -0.710399 0.703799
vn 0.000000 -0.967099 0.254400
vn 0.000000 -0.710399 0.703799
vn 0.000000 -0.967099 0.254400
vn 0.000000 -0.263304 0.964713
vn 0.000000 -0.710399 0.703799
vn 0.000000 -0.263304 0.964713
vn 0.000000 -0.710399 0.703799
vn 0.000000 0.254400 0.967099
vn 0.000000 -0.263304 0.964713
vn 0.000000 0.254400 0.967099
vn 0.000000 -0.263304 0.964713
vn 0.000000 0.703900 0.710300
vn 0.000000 0.254400 0.967099
vn 0.000000 0.703900 0.710300
vn 0.000000 0.254400 0.967099
vn 0.000000 0.964738 0.263211
vn 0.000000 0.703900 0.710300
vn 0.000000 0.964738 0.263211
vn 0.000000 0.703900 0.710300
vn -0.000000 0.967124 -0.254306
vn 0.000000 0.964738 0.263211
vn -0.000000 0.967124 -0.254306
vn 0.000000 0.964738 0.263211
vn -0.000000 0.710399 -0.703799
vn -0.000000 0.967124 -0.254306
vn -0.000000 0.710399 -0.703799
vn -0.000000 0.967124 -0.254306
vn -0.000000 0.263304 -0.964713
vn -0.000000 0.710399 -0.703799
vn -0.000000 0.263304 -0.964713
vn -0.000000 0.710399 -0.703799
vn -0.000000 -0.254400 -0.967099
vn -0.000000 0.263304 -0.964713
vn -0.000000 -0.254400 -0.967099
vn -0.000000 0.263304 -0.964713
vn -0.000000 -0.703900 -0.710300
vn -0.000000 -0.254400 -0.967099
vn -0.000000 -0.703900 -0.710300
vn -0.000000 -0.254400 -0.967099
vn -0.000000 -0.964713 -0.263304
vn -0.000000 -0.703900 -0.710300
vn -0.000000 -0.964713 -0.263304
vn -0.000000 -0.703900 -0.710300
vn 0.000000 -0.967099 0.254400
vn -0.000000 -0.964713 -0.263304
vn 0.000000 -0.967099 0.254400
vn -0.000000 -0.964713 -0.263304
vn 0.606398 -0.768997 0.202299
vn 0.606398 -0.768997 0.202299
vn 0.606307 -0.564907 0.559707
vn 0.606307 -0.564907 0.559707
vn 0.606307 -0.564907 0.559707
vn 0.606307 -0.564907 0.559707
vn 0.606333 -0.209411 0.767142
vn 0.606333 -0.209411 0.767142
vn 0.606333 -0.209411 0.767142
vn 0.606333 -0.209411 0.767142
vn 0.606335 0.202312 0.769044
vn 0.606335 0.202312 0.769044
vn 0.606335 0.202312 0.769044
vn 0.606335 0.202312 0.769044
vn 0.606273 0.559775 0.564875
vn 0.606308 0.559807 0.564807
vn 0.606273 0.559775 0.564875
vn 0.606308 0.559807 0.564807
vn 0.606299 0.767199 0.209300
vn 0.606299 0.767199 0.209300
vn 0.606299 0.767199 0.209300
vn 0.606299 0.767199 0.209300
vn 0.606288 0.769085 -0.202296
vn 0.606300 0.769100 -0.202200
vn 0.606288 0.769085 -0.202296
vn 0.606300 0.769100 -0.202200
vn 0.606273 0.564975 -0.559675
vn 0.606307 0.565007 -0.559606
vn 0.606273 0.564975 -0.559675
vn 0.606307 0.565007 -0.559606
vn 0.606333 0.209411 -0.767142
vn 0.606333 0.209411 -0.767142
vn 0.606333 0.209411 -0.767142
vn 0.606333 0.209411 -0.767142
vn 0.606335 -0.202312 -0.769044
vn 0.606335 -0.202312 -0.769044
vn 0.606335 -0.202312 -0.769044
vn 0.606335 -0.202312 -0.769044
vn 0.606307 -0.559707 -0.564907
vn 0.606307 -0.559707 -0.564907
vn 0.606307 -0.559707 -0.564907
vn 0.606307 -0.559707 -0.564907
vn 0.606396 -0.767096 -0.209399
vn 0.606396 -0.767096 -0.209399
vn 0.606396 -0.767096 -0.209399
vn 0.606396 -0.767096 -0.209399
vn 0.606398 -0.768997 0.202299
vn 0.606398 -0.768997 0.202299
vn 0.426175 0.238086 -0.872749
vn 0.426289 0.642384 -0.636884
vn 0.602718 0.210006 -0.769823
vn 0.602827 0.566625 -0.561725
vn 0.426180 -0.636770 -0.642569
vn 0.426191 -0.230095 -0.874881
vn 0.602695 -0.561695 -0.566795
vn 0.602707 -0.203002 -0.771709
vn 0.426191 -0.874881 0.230095
vn 0.426202 -0.872704 -0.238201
vn 0.602707 -0.771709 0.203002
vn 0.602706 -0.769807 -0.210102
vn 0.426202 -0.238201 0.872704
vn 0.426207 -0.642610 0.636710
vn 0.602706 -0.210102 0.769807
vn 0.602695 -0.566895 0.561595
vn 0.426288 0.636482 0.642782
vn 0.426201 0.230000 0.874902
vn 0.602890 0.561390 0.566890
vn 0.602719 0.202906 0.771725
vn 0.426620 0.874642 -0.230211
vn 0.426593 0.872487 0.238296
vn 0.603089 0.771386 -0.203096
vn 0.603087 0.769483 0.210195
vn 0.864711 0.356705 -0.353605
vn 0.602827 0.566625 -0.561725
vn 0.864792 0.485595 -0.127799
vn 0.603089 0.771386 -0.203096
vn 0.864649 0.132192 -0.484672
vn 0.602718 0.210006 -0.769823
vn 0.864711 0.356705 -0.353605
vn 0.602827 0.566625 -0.561725
vn 0.864615 -0.127802 -0.485909
vn 0.602707 -0.203002 -0.771709
vn 0.864649 0.132192 -0.484672
vn 0.602718 0.210006 -0.769823
vn 0.864624 -0.353610 -0.356910
vn 0.602695 -0.561695 -0.566795
vn 0.864615 -0.127802 -0.485909
vn 0.602707 -0.203002 -0.771709
vn 0.864613 -0.484707 -0.132302
vn 0.602706 -0.769807 -0.210102
vn 0.864624 -0.353610 -0.356910
vn 0.602695 -0.561695 -0.566795
vn 0.864615 -0.485909 0.127802
vn 0.602707 -0.771709 0.203002
vn 0.864613 -0.484707 -0.132302
vn 0.602706 -0.769807 -0.210102
vn 0.864624 -0.356910 0.353610
vn 0.602695 -0.566895 0.561595
vn 0.864615 -0.485909 0.127802
vn 0.602707 -0.771709 0.203002
vn 0.864613 -0.132302 0.484707
vn 0.602706 -0.210102 0.769807
vn 0.864624 -0.356910 0.353610
vn 0.602695 -0.566895 0.561595
vn 0.864615 0.127802 0.485909
vn 0.602719 0.202906 0.771725
vn 0.864613 -0.132302 0.484707
vn 0.602706 -0.210102 0.769807
vn 0.864680 0.353492 0.356892
vn 0.602890 0.561390 0.566890
vn 0.864615 0.127802 0.485909
vn 0.602719 0.202906 0.771725
vn 0.603087 0.769483 0.210195
vn 0.602890 0.561390 0.566890
vn 0.864789 0.484394 0.132298
vn 0.864680 0.353492 0.356892
vn 0.864792 0.485595 -0.127799
vn 0.603089 0.771386 -0.203096
vn 0.864789 0.484394 0.132298
vn 0.603087 0.769483 0.210195
vn 1.000000 0.000000 -0.000000
vn 1.000000 0.000000 -0.000000
vn 1.000000 0.000000 -0.000000
vn 1.000000 0.000000 -0.000000
vn 1.000000 0.000000 -0.000000
vn 1.000000 0.000000 -0.000000
vn 1.000000 0.000000 -0.000000
vn 1.000000 0.000000 -0.000000
vn 1.000000 0.000000 -0.000000
vn 1.000000 0.000000 -0.000000
vn 1.000000 0.000000 -0.000000
vn 1.000000 0.000000 -0.000000
vn 1.000000 0.000000 -0.000000
vn 1.000000 0.000000 -0.000000
vn 1.000000 0.000000 -0.000000
vn 1.000000 0.000000 -0.000000
vn 1.000000 0.000000 -0.000000
vn 1.000000 0.000000 -0.000000
vn 1.000000 0.000000 -0.000000
vn 1.000000 0.000000 -0.000000
vn 1.000000 0.000000 -0.000000
vn 1.000000 0.000000 -0.000000
vn 1.000000 0.000000 -0.000000
vn 1.000000 0.000000 -0.000000
vn 1.000000 0.000000 -0.000000
vn 1.000000 0.000000 -0.000000
vn 1.000000 0.000000 -0.000000
vn 1.000000 0.000000 -0.000000
vn 1.000000 0.000000 -0.000000
vn 1.000000 0.000000 -0.000000
vn 1.000000 0.000000 -0.000000
vn 1.000000 0.000000 -0.000000
vn 1.000000 0.000000 -0.000000
vn 1.000000 0.000000 -0.000000
vn 1.000000 0.000000 -0.000000
vn 1.000000 0.000000 -0.000000
vn 1.000000 0.000000 -0.000000
vn 1.000000 0.000000 -0.000000
vn 1.000000 0.000000 -0.000000
vn 1.000000 0.000000 -0.000000
vn 1.000000 0.000000 -0.000000
vn 1.000000 0.000000 -0.000000
vn 1.000000 0.000000 -0.000000
vn 1.000000 0.000000 -0.000000
vn 1.000000 0.000000 -0.000000
vn 1.000000 0.000000 -0.000000
vn 1.000000 0.000000 -0.000000
vn 1.000000 0.000000 -0.000000
vn -0.000000 0.710399 -0.703799
vn -0.000000 0.967099 -0.254400
vn -0.000000 0.710399 -0.703799
vn -0.000000 0.967124 -0.254306
vn -0.000000 0.263304 -0.964713
vn -0.000000 0.710399 -0.703799
vn -0.000000 0.263304 -0.964713
vn -0.000000 0.710399 -0.703799
vn -0.000000 -0.254400 -0.967099
vn -0.000000 0.263304 -0.964713
vn -0.000000 -0.254400 -0.967099
vn -0.000000 0.263304 -0.964713
vn -0.000000 -0.703900 -0.710300
vn -0.000000 -0.254400 -0.967099
vn -0.000000 -0.703900 -0.710300
vn -0.000000 -0.254400 -0.967099
vn -0.000000 -0.964738 -0.263211
vn -0.000000 -0.703900 -0.710300
vn -0.000000 -0.964738 -0.263211
vn -0.000000 -0.703900 -0.710300
vn 0.000000 -0.967124 0.254306
vn -0.000000 -0.964738 -0.263211
vn 0.000000 -0.967124 0.254306
vn -0.000000 -0.964738 -0.263211
vn 0.000000 -0.710399 0.703799
vn 0.000000 -0.967124 0.254306
vn 0.000000 -0.710399 0.703799
vn 0.000000 -0.967124 0.254306
vn 0.000000 -0.263304 0.964713
vn 0.000000 -0.710399 0.703799
vn 0.000000 -0.263304 0.964713
vn 0.000000 -0.710399 0.703799
vn 0.000000 0.254400 0.967099
vn 0.000000 -0.263304 0.964713
vn 0.000000 0.254400 0.967099
vn 0.000000 -0.263304 0.964713
vn 0.000000 0.703900 0.710300
vn 0.000000 0.254400 0.967099
vn 0.000000 0.703900 0.710300
vn 0.000000 0.254400 0.967099
vn 0.000000 0.964713 0.263304
vn 0.000000 0.703900 0.710300
vn 0.000000 0.964713 0.263304
vn 0.000000 0.703900 0.710300
vn -0.000000 0.967099 -0.254400
vn 0.000000 0.964713 0.263304
vn -0.000000 0.967124 -0.254306
vn 0.000000 0.964713 0.263304
vn 1.000000 0.000000 -0.000000
vn 0.971784 0.148698 -0.183097
vn 0.977879 -0.053199 -0.202296
vn 0.999980 -0.004500 -0.004500
vn 0.965720 0.182704 0.184404
vn 0.971795 0.035100 0.233199
vn 0.965697 0.250499 0.068400
vn 0.999980 -0.004500 -0.004500
vn 0.965708 -0.251102 0.066001
vn 0.971797 -0.219499 -0.086200
vn 0.971802 -0.148700 0.183000
vn 0.999980 -0.004500 -0.004500
vn 1.000000 0.000000 -0.000000
vn 0.977879 -0.053199 -0.202296
vn 0.971797 -0.219499 -0.086200
vn 0.999980 -0.004500 -0.004500
vn 0.965708 0.251102 -0.066001
vn 0.965697 0.250499 0.068400
vn 0.971784 0.148698 -0.183097
vn 0.999980 -0.004500 -0.004500
vn 1.000000 0.000000 -0.000000
vn 0.971802 -0.148700 0.183000
vn 0.971795 0.035100 0.233199
vn 0.999980 -0.004500 -0.004500
vn 0.603089 0.771386 -0.203096
vn 0.602827 0.566625 -0.561725
vn 0.426620 0.874642 -0.230211
vn 0.426289 0.642384 -0.636884
vn 0.602718 0.210006 -0.769823
vn 0.602707 -0.203002 -0.771709
vn 0.426175 0.238086 -0.872749
vn 0.426191 -0.230095 -0.874881
vn 0.602695 -0.561695 -0.566795
vn 0.602706 -0.769807 -0.210102
vn 0.426180 -0.636770 -0.642569
vn 0.426202 -0.872704 -0.238201
vn 0.602707 -0.771709 0.203002
vn 0.602695 -0.566895 0.561595
vn 0.426191 -0.874881 0.230095
vn 0.426207 -0.642610 0.636710
vn 0.602706 -0.210102 0.769807
vn 0.602719 0.202906 0.771725
vn 0.426202 -0.238201 0.872704
vn 0.426201 0.230000 0.874902
vn 0.602890 0.561390 0.566890
vn 0.603087 0.769483 0.210195
vn 0.426288 0.636482 0.642782
vn 0.426593 0.872487 0.238296
s 1
g polySurface59
usemtl lambert5SG
f 1/1/1 2/2/2 4/4/3
f 4/4/3 2/2/2 3/3/4
s 2
f 2/2/5 5/5/6 3/3/7
f 3/3/7 5/5/6 6/6/8
s 3
f 5/5/9 7/7/10 6/6/11
f 6/6/11 7/7/10 8/8/12
s 4
f 10/10/13 8/11/14 9/9/15
f 9/9/15 8/11/14 7/12/16
s 5
f 11/13/17 12/14/18 14/16/19
f 14/16/19 12/14/18 13/15/20
s 6
f 16/18/21 17/19/22 15/17/23
f 15/17/23 17/19/22 18/20/24
s 7
f 19/21/25 20/22/26 16/18/27
f 16/18/27 20/22/26 17/19/28
s 8
f 4/4/29 3/3/30 22/24/31
f 22/24/31 3/3/30 21/23/32
s 9
f 3/3/33 6/6/34 21/23/35
f 21/23/35 6/6/34 23/25/36
s 10
f 6/6/37 8/8/38 23/25/39
f 23/25/39 8/8/38 24/26/40
s 11
f 25/27/41 24/28/42 10/10/43
f 10/10/43 24/28/42 8/11/44
s 12
f 14/16/45 13/15/46 27/30/47
f 27/30/47 13/15/46 26/29/48
s 13
f 18/20/49 17/19/50 29/32/51
f 29/32/51 17/19/50 28/31/52
s 14
f 20/22/53 30/33/54 17/19/55
f 17/19/55 30/33/54 28/31/56
s 15
f 22/24/57 21/23/58 32/35/59
f 32/35/59 21/23/58 31/34/60
s 16
f 21/23/61 23/25/62 31/34/63
f 31/34/63 23/25/62 33/36/64
s 17
f 23/25/65 24/26/66 33/36/67
f 33/36/67 24/26/66 34/37/68
s 18
f 25/27/69 35/38/70 24/28/71
f 24/28/71 35/38/70 34/39/72
s 19
f 27/30/73 26/29/74 37/41/75
f 37/41/75 26/29/74 36/40/76
s 20
f 29/32/77 28/31/78 39/43/79
f 39/43/79 28/31/78 38/42/80
s 21
f 30/33/81 40/44/82 28/31/83
f 28/31/83 40/44/82 38/42/84
s 22
f 32/35/85 31/34/86 42/46/87
f 42/46/87 31/34/86 41/45/88
s 23
f 31/34/89 33/36/90 41/45/91
f 41/45/91 33/36/90 43/47/92
s 24
f 33/36/93 34/37/94 43/47/95
f 43/47/95 34/37/94 44/48/96
s 25
f 35/38/97 45/49/98 34/39/99
f 34/39/99 45/49/98 44/50/100
s 26
f 37/41/101 36/40/102 47/52/103
f 47/52/103 36/40/102 46/51/104
s 27
f 39/43/105 38/42/106 49/54/107
f 49/54/107 38/42/106 48/53/108
s 28
f 40/44/109 50/55/110 38/42/111
f 38/42/111 50/55/110 48/53/112
s 29
f 42/46/113 41/45/114 52/57/115
f 52/57/115 41/45/114 51/56/116
s 30
f 41/45/117 43/47/118 51/56/119
f 51/56/119 43/47/118 53/58/120
s 31
f 43/47/121 44/48/122 53/58/123
f 53/58/123 44/48/122 54/59/124
s 32
f 45/49/125 55/60/126 44/50/127
f 44/50/127 55/60/126 54/61/128
s 33
f 47/52/129 46/51/130 57/63/131
f 57/63/131 46/51/130 56/62/132
s 34
f 49/54/133 48/53/134 59/65/135
f 59/65/135 48/53/134 58/64/136
s 35
f 50/55/137 60/66/138 48/53/139
f 48/53/139 60/66/138 58/64/140
s 36
f 52/57/141 51/56/142 62/68/143
f 62/68/143 51/56/142 61/67/144
s 37
f 51/56/145 53/58/146 61/67/147
f 61/67/147 53/58/146 63/69/148
s 38
f 53/58/149 54/59/150 63/69/151
f 63/69/151 54/59/150 64/70/152
s 39
f 55/60/153 65/71/154 54/61/155
f 54/61/155 65/71/154 64/72/156
s 40
f 57/63/157 56/62/158 67/74/159
f 67/74/159 56/62/158 66/73/160
s 41
f 59/65/161 58/64/162 69/76/163
f 69/76/163 58/64/162 68/75/164
s 42
f 60/66/165 70/77/166 58/64/167
f 58/64/167 70/77/166 68/75/168
s 43
f 62/68/169 61/67/170 72/79/171
f 72/79/171 61/67/170 71/78/172
s 44
f 61/67/173 63/69/174 71/78/175
f 71/78/175 63/69/174 73/80/176
s 45
f 63/69/177 64/70/178 73/80/179
f 73/80/179 64/70/178 74/81/180
s 46
f 65/71/181 75/82/182 64/72/183
f 64/72/183 75/82/182 74/83/184
s 47
f 67/74/185 66/73/186 77/85/187
f 77/85/187 66/73/186 76/84/188
s 48
f 69/76/189 68/75/190 79/87/191
f 79/87/191 68/75/190 78/86/192
s 49
f 70/77/193 80/88/194 68/75/195
f 68/75/195 80/88/194 78/86/196
s 50
f 72/79/197 71/78/198 82/90/199
f 82/90/199 71/78/198 81/89/200
s 51
f 71/78/201 73/80/202 81/89/203
f 81/89/203 73/80/202 83/91/204
s 52
f 73/80/205 74/81/206 83/91/207
f 83/91/207 74/81/206 84/92/208
s 53
f 75/82/209 85/93/210 74/83/211
f 74/83/211 85/93/210 84/94/212
s 54
f 77/85/213 76/84/214 87/96/215
f 87/96/215 76/84/214 86/95/216
s 55
f 79/87/217 78/86/218 89/98/219
f 89/98/219 78/86/218 88/97/220
s 56
f 80/88/221 90/99/222 78/86/223
f 78/86/223 90/99/222 88/97/224
s 57
f 82/100/225 81/101/226 92/103/227
f 92/103/227 81/101/226 91/102/228
s 58
f 81/101/229 83/104/230 91/102/231
f 91/102/231 83/104/230 93/105/232
s 59
f 83/104/233 84/106/234 93/105/235
f 93/105/235 84/106/234 94/107/236
s 60
f 85/93/237 95/108/238 84/94/239
f 84/94/239 95/108/238 94/109/240
s 61
f 87/96/241 86/95/242 97/111/243
f 97/111/243 86/95/242 96/110/244
s 62
f 89/98/245 88/97/246 99/113/247
f 99/113/247 88/97/246 98/112/248
s 63
f 90/99/249 100/114/250 88/97/251
f 88/97/251 100/114/250 98/112/252
s 64
f 92/103/253 91/102/254 102/116/255
f 102/116/255 91/102/254 101/115/256
s 65
f 91/102/257 93/105/258 101/115/259
f 101/115/259 93/105/258 103/117/260
s 66
f 93/105/261 94/107/262 103/117/263
f 103/117/263 94/107/262 104/118/264
s 67
f 95/108/265 105/119/266 94/109/267
f 94/109/267 105/119/266 104/120/268
s 68
f 97/111/269 96/110/270 107/122/271
f 107/122/271 96/110/270 106/121/272
s 69
f 99/113/273 98/112/274 109/124/275
f 109/124/275 98/112/274 108/123/276
s 70
f 110/125/277 108/123/278 100/114/279
f 100/114/279 108/123/278 98/112/280
s 71
f 102/116/281 101/115/282 112/127/283
f 112/127/283 101/115/282 111/126/284
s 72
f 101/115/285 103/117/286 111/126/287
f 111/126/287 103/117/286 113/128/288
s 73
f 103/117/289 104/118/290 113/128/291
f 113/128/291 104/118/290 114/129/292
s 74
f 105/119/293 115/130/294 104/120/295
f 104/120/295 115/130/294 114/131/296
s 75
f 106/121/297 116/132/298 107/122/299
f 107/122/299 116/132/298 117/133/300
s 76
f 109/124/301 108/123/302 119/135/303
f 119/135/303 108/123/302 118/134/304
s 77
f 120/136/305 118/134/306 110/125/307
f 110/125/307 118/134/306 108/123/308
s 78
f 112/127/309 111/126/310 1/1/311
f 1/1/311 111/126/310 2/2/312
s 79
f 111/126/313 113/128/314 2/2/315
f 2/2/315 113/128/314 5/5/316
s 80
f 113/128/317 114/129/318 5/5/319
f 5/5/319 114/129/318 7/7/320
s 81
f 115/130/321 9/9/322 114/131/323
f 114/131/323 9/9/322 7/12/324
s 82
f 117/133/325 116/132/326 11/13/327
f 11/13/327 116/132/326 12/14/328
s 83
f 119/135/329 118/134/330 15/17/331
f 15/17/331 118/134/330 16/18/332
s 84
f 120/136/333 19/21/334 118/134/335
f 118/134/335 19/21/334 16/18/336
s 85
f 14/16/337 10/10/338 11/13/339
f 11/13/339 10/10/338 9/9/340
s 86
f 27/30/341 25/27/342 14/16/343
f 14/16/343 25/27/342 10/10/344
s 87
f 27/30/345 37/41/346 25/27/347
f 25/27/347 37/41/346 35/38/348
s 88
f 37/41/349 47/52/350 35/38/351
f 35/38/351 47/52/350 45/49/352
s 89
f 47/52/353 57/63/354 45/49/355
f 45/49/355 57/63/354 55/60/356
s 90
f 57/63/357 67/74/358 55/60/359
f 55/60/359 67/74/358 65/71/360
s 91
f 67/74/361 77/85/362 65/71/363
f 65/71/363 77/85/362 75/82/364
s 92
f 77/85/365 87/96/366 75/82/367
f 75/82/367 87/96/366 85/93/368
s 93
f 87/96/369 97/111/370 85/93/371
f 85/93/371 97/111/370 95/108/372
s 94
f 97/111/373 107/122/374 95/108/375
f 95/108/375 107/122/374 105/119/376
s 95
f 107/122/377 117/133/378 105/119/379
f 105/119/379 117/133/378 115/130/380
s 96
f 117/133/381 11/13/382 115/130/383
f 115/130/383 11/13/382 9/9/384
s 97
f 1/137/385 4/138/386 19/21/387
f 19/21/387 4/138/386 20/22/388
s 98
f 4/138/389 22/139/390 20/22/391
f 20/22/391 22/139/390 30/33/392
s 99
f 22/139/393 32/140/394 30/33/395
f 30/33/395 32/140/394 40/44/396
s 100
f 32/140/397 42/141/398 40/44/399
f 40/44/399 42/141/398 50/55/400
s 101
f 42/141/401 52/142/402 50/55/403
f 50/55/403 52/142/402 60/66/404
s 102
f 52/142/405 62/143/406 60/66/407
f 60/66/407 62/143/406 70/77/408
s 103
f 62/143/409 72/144/410 70/77/411
f 70/77/411 72/144/410 80/88/412
s 104
f 72/144/413 82/145/414 80/88/415
f 80/88/415 82/145/414 90/99/416
s 105
f 82/145/417 92/146/418 90/99/419
f 90/99/419 92/146/418 100/114/420
s 106
f 102/147/421 110/125/422 92/146/423
f 92/146/423 110/125/422 100/114/424
s 107
f 112/148/425 120/136/426 102/147/427
f 102/147/427 120/136/426 110/125/428
s 108
f 112/148/429 1/137/430 120/136/431
f 120/136/431 1/137/430 19/21/432
s 109
f 121/149/433 122/150/434 124/152/435
f 124/152/435 122/150/434 123/151/436
s 110
f 125/153/437 124/152/438 126/154/439
f 124/152/438 123/151/440 126/154/439
s 111
f 18/20/441 127/155/442 15/17/443
f 15/17/443 127/155/442 128/156/444
s 112
f 29/32/445 129/157/446 18/20/447
f 18/20/447 129/157/446 127/155/448
s 113
f 39/43/449 130/158/450 29/32/451
f 29/32/451 130/158/450 129/157/452
s 114
f 49/54/453 131/159/454 39/43/455
f 39/43/455 131/159/454 130/158/456
s 115
f 59/65/457 125/153/458 49/54/459
f 49/54/459 125/153/458 131/159/460
s 116
f 59/65/461 69/76/462 125/153/463
f 125/153/463 69/76/462 124/152/464
s 117
f 69/76/465 79/87/466 124/152/467
f 124/152/467 79/87/466 121/149/468
s 118
f 79/87/469 89/98/470 121/149/471
f 121/149/471 89/98/470 132/160/472
s 119
f 89/98/473 99/113/474 132/160/475
f 132/160/475 99/113/474 133/161/476
s 120
f 99/113/477 109/124/478 133/161/479
f 133/161/479 109/124/478 134/162/480
s 121
f 109/124/481 119/135/482 134/162/483
f 134/162/483 119/135/482 135/163/484
s 122
f 15/17/485 128/156/486 119/135/487
f 119/135/487 128/156/486 135/163/488
s 123
f 125/153/489 126/154/490 131/159/491
f 130/158/492 131/159/491 126/154/490
s 124
f 123/151/493 136/164/494 126/154/495
f 126/154/495 136/164/494 130/158/496
s 125
f 133/161/497 137/165/498 132/160/499
f 132/160/499 137/165/498 122/150/500
s off
f 121/149/501 132/160/502 122/150/503
s 126
f 135/163/504 128/156/505 138/166/506
f 138/166/506 128/156/505 127/155/507
s off
f 139/167/508 138/166/509 127/155/510
s 127
f 135/163/511 138/166/512 134/162/513
f 134/162/513 138/166/512 137/165/514
s off
f 133/161/515 134/162/516 137/165/517
s 128
f 127/155/518 129/157/519 139/167/520
f 139/167/520 129/157/519 130/158/521
s off
f 136/164/522 139/167/523 130/158/524
s 129
f 140/168/525 141/169/526 143/171/527
f 143/171/527 141/169/526 142/170/528
s 130
f 143/171/529 142/170/530 145/173/531
f 145/173/531 142/170/530 144/172/532
s 131
f 145/173/533 144/172/534 147/175/535
f 147/175/535 144/172/534 146/174/536
s 132
f 147/175/537 146/174/538 149/177/539
f 149/177/539 146/174/538 148/176/540
s 133
f 149/177/541 148/176/542 151/179/543
f 151/179/543 148/176/542 150/178/544
s 134
f 151/179/545 150/178/546 153/181/547
f 153/181/547 150/178/546 152/180/548
s 135
f 153/181/549 152/180/550 155/183/551
f 155/183/551 152/180/550 154/182/552
s 136
f 155/183/553 154/182/554 157/185/555
f 157/185/555 154/182/554 156/184/556
s 137
f 157/185/557 156/184/558 159/187/559
f 159/187/559 156/184/558 158/186/560
s 138
f 159/187/561 158/186/562 161/189/563
f 161/189/563 158/186/562 160/188/564
s 139
f 161/189/565 160/188/566 163/191/567
f 163/191/567 160/188/566 162/190/568
s 140
f 163/191/569 162/190/570 140/168/571
f 140/168/571 162/190/570 141/169/572
s 141
f 164/192/573 165/193/574 167/195/575
f 167/195/575 165/193/574 166/194/576
s 142
f 168/196/577 169/197/578 164/192/579
f 164/192/579 169/197/578 165/193/580
s 143
f 170/198/581 171/199/582 168/196/583
f 168/196/583 171/199/582 169/197/584
s 144
f 172/200/585 173/201/586 170/198/587
f 170/198/587 173/201/586 171/199/588
s 145
f 174/202/589 175/203/590 172/200/591
f 172/200/591 175/203/590 173/201/592
s 146
f 176/204/593 177/205/594 174/202/595
f 174/202/595 177/205/594 175/203/596
s 147
f 178/206/597 179/207/598 176/204/599
f 176/204/599 179/207/598 177/205/600
s 148
f 180/208/601 181/209/602 178/206/603
f 178/206/603 181/209/602 179/207/604
s 149
f 182/210/605 183/211/606 180/208/607
f 180/208/607 183/211/606 181/209/608
s 150
f 184/212/609 185/213/610 182/210/611
f 182/210/611 185/213/610 183/211/612
s 151
f 186/214/613 187/215/614 184/212/615
f 184/212/615 187/215/614 185/213/616
s 152
f 167/195/617 166/194/618 186/214/619
f 186/214/619 166/194/618 187/215/620
s 153
f 188/216/621 189/217/622 143/171/623
f 143/171/623 189/217/622 140/168/624
s 154
f 189/217/625 190/218/626 140/168/627
f 140/168/627 190/218/626 163/191/628
s 155
f 190/218/629 191/219/630 163/191/631
f 163/191/631 191/219/630 161/189/632
s 156
f 191/219/633 192/220/634 161/189/635
f 161/189/635 192/220/634 159/187/636
s 157
f 192/220/637 193/221/638 159/187/639
f 159/187/639 193/221/638 157/185/640
s 158
f 193/221/641 194/222/642 157/185/643
f 157/185/643 194/222/642 155/183/644
s 159
f 194/222/645 195/223/646 155/183/647
f 155/183/647 195/223/646 153/181/648
s 160
f 195/223/649 196/224/650 153/181/651
f 153/181/651 196/224/650 151/179/652
s 161
f 196/224/653 197/225/654 151/179/655
f 151/179/655 197/225/654 149/177/656
s 162
f 197/225/657 198/226/658 149/177/659
f 149/177/659 198/226/658 147/175/660
s 163
f 198/226/661 199/227/662 147/175/663
f 147/175/663 199/227/662 145/173/664
s 164
f 199/227/665 188/216/666 145/173/667
f 145/173/667 188/216/666 143/171/668
s 165
f 200/228/669 201/229/670 203/231/671
f 203/231/671 201/229/670 202/230/672
s 166
f 204/232/673 200/228/674 205/233/675
f 205/233/675 200/228/674 203/231/676
s 167
f 206/234/677 204/232/678 207/235/679
f 207/235/679 204/232/678 205/233/680
s 168
f 208/236/681 206/234/682 209/237/683
f 209/237/683 206/234/682 207/235/684
s 169
f 210/238/685 208/236/686 211/239/687
f 211/239/687 208/236/686 209/237/688
s 170
f 212/240/689 210/238/690 213/241/691
f 213/241/691 210/238/690 211/239/692
s 171
f 214/242/693 212/240/694 215/243/695
f 215/243/695 212/240/694 213/241/696
s 172
f 216/244/697 214/242/698 217/245/699
f 217/245/699 214/242/698 215/243/700
s 173
f 218/246/701 216/244/702 219/247/703
f 219/247/703 216/244/702 217/245/704
s 174
f 220/248/705 218/246/706 221/249/707
f 221/249/707 218/246/706 219/247/708
s 175
f 222/250/709 220/248/710 223/251/711
f 223/251/711 220/248/710 221/249/712
s 176
f 201/229/713 222/250/714 202/230/715
f 202/230/715 222/250/714 223/251/716
s 177
f 167/195/717 201/229/718 164/192/719
f 164/192/719 201/229/718 200/228/720
s 178
f 164/192/721 200/228/722 168/196/723
f 168/196/723 200/228/722 204/232/724
s 179
f 168/196/725 204/232/726 170/198/727
f 170/198/727 204/232/726 206/234/728
s 180
f 170/198/729 206/234/730 172/200/731
f 172/200/731 206/234/730 208/236/732
s 181
f 172/200/733 208/236/734 174/202/735
f 174/202/735 208/236/734 210/238/736
s 182
f 174/202/737 210/238/738 176/204/739
f 176/204/739 210/238/738 212/240/740
s 183
f 176/204/741 212/240/742 178/206/743
f 178/206/743 212/240/742 214/242/744
s 184
f 178/206/745 214/242/746 180/208/747
f 180/208/747 214/242/746 216/244/748
s 185
f 180/208/749 216/244/750 182/210/751
f 182/210/751 216/244/750 218/246/752
s 186
f 182/210/753 218/246/754 184/212/755
f 184/212/755 218/246/754 220/248/756
s 187
f 184/212/757 220/248/758 186/214/759
f 186/214/759 220/248/758 222/250/760
s 188
f 186/214/761 222/250/762 167/195/763
f 167/195/763 222/250/762 201/229/764
s 189
f 144/172/765 142/170/766 225/253/767
f 225/253/767 142/170/766 224/252/768
s 190
f 148/176/769 146/174/770 227/255/771
f 227/255/771 146/174/770 226/254/772
s 191
f 152/180/773 150/178/774 229/257/775
f 229/257/775 150/178/774 228/256/776
s 192
f 156/184/777 154/182/778 231/259/779
f 231/259/779 154/182/778 230/258/780
s 193
f 160/188/781 158/186/782 233/261/783
f 233/261/783 158/186/782 232/260/784
s 194
f 141/169/785 162/190/786 235/263/787
f 235/263/787 162/190/786 234/262/788
s 195
f 165/193/789 224/252/790 166/194/791
f 166/194/791 224/252/790 235/263/792
s 196
f 169/197/793 225/253/794 165/193/795
f 165/193/795 225/253/794 224/252/796
s 197
f 171/199/797 226/254/798 169/197/799
f 169/197/799 226/254/798 225/253/800
s 198
f 173/201/801 227/255/802 171/199/803
f 171/199/803 227/255/802 226/254/804
s 199
f 175/203/805 228/256/806 173/201/807
f 173/201/807 228/256/806 227/255/808
s 200
f 177/205/809 229/257/810 175/203/811
f 175/203/811 229/257/810 228/256/812
s 201
f 179/207/813 230/258/814 177/205/815
f 177/205/815 230/258/814 229/257/816
s 202
f 181/209/817 231/259/818 179/207/819
f 179/207/819 231/259/818 230/258/820
s 203
f 183/211/821 232/260/822 181/209/823
f 181/209/823 232/260/822 231/259/824
s 204
f 185/213/825 233/261/826 183/211/827
f 183/211/827 233/261/826 232/260/828
s 205
f 234/262/829 233/261/830 187/215/831
f 187/215/831 233/261/830 185/213/832
s 206
f 166/194/833 235/263/834 187/215/835
f 187/215/835 235/263/834 234/262/836
s 207
f 203/231/837 202/230/838 237/265/839
f 237/265/839 202/230/838 236/264/840
s 208
f 205/233/841 203/231/842 238/266/843
f 238/266/843 203/231/842 237/265/844
s 209
f 207/235/845 205/233/846 239/267/847
f 239/267/847 205/233/846 238/266/848
s 210
f 209/237/849 207/235/850 240/268/851
f 240/268/851 207/235/850 239/267/852
s 211
f 211/239/853 209/237/854 241/269/855
f 241/269/855 209/237/854 240/268/856
s 212
f 213/241/857 211/239/858 242/270/859
f 242/270/859 211/239/858 241/269/860
s 213
f 215/243/861 213/241/862 243/271/863
f 243/271/863 213/241/862 242/270/864
s 214
f 217/245/865 215/243/866 244/272/867
f 244/272/867 215/243/866 243/271/868
s 215
f 219/247/869 217/245/870 245/273/871
f 245/273/871 217/245/870 244/272/872
s 216
f 221/249/873 219/247/874 246/274/875
f 246/274/875 219/247/874 245/273/876
s 217
f 223/251/877 221/249/878 247/275/879
f 247/275/879 221/249/878 246/274/880
s 218
f 202/230/881 223/251/882 236/264/883
f 236/264/883 223/251/882 247/275/884
s 219
f 237/265/885 236/264/886 249/277/887
f 249/277/887 236/264/886 248/276/888
s 220
f 238/266/889 237/265/890 250/278/891
f 250/278/891 237/265/890 249/277/892
s 221
f 239/267/893 238/266/894 251/279/895
f 251/279/895 238/266/894 250/278/896
s 222
f 240/268/897 239/267/898 252/280/899
f 252/280/899 239/267/898 251/279/900
s 223
f 241/269/901 240/268/902 253/281/903
f 253/281/903 240/268/902 252/280/904
s 224
f 242/270/905 241/269/906 254/282/907
f 254/282/907 241/269/906 253/281/908
s 225
f 243/271/909 242/270/910 255/283/911
f 255/283/911 242/270/910 254/282/912
s 226
f 244/272/913 243/271/914 256/284/915
f 256/284/915 243/271/914 255/283/916
s 227
f 245/273/917 244/272/918 257/285/919
f 257/285/919 244/272/918 256/284/920
s 228
f 246/274/921 245/273/922 258/286/923
f 258/286/923 245/273/922 257/285/924
s 229
f 247/275/925 246/274/926 259/287/927
f 259/287/927 246/274/926 258/286/928
s 230
f 236/264/929 247/275/930 248/276/931
f 248/276/931 247/275/930 259/287/932
s 231
f 250/278/933 249/277/934 251/279/935
f 251/279/935 249/277/934 260/288/936
s 232
f 258/286/937 257/285/938 259/287/939
f 259/287/939 257/285/938 260/288/940
s 233
f 254/282/941 253/281/942 255/283/943
f 255/283/943 253/281/942 260/288/944
s 234
f 252/280/945 251/279/946 253/281/947
f 253/281/947 251/279/946 260/288/948
s 235
f 248/276/949 259/287/950 249/277/951
f 249/277/951 259/287/950 260/288/952
s 236
f 256/284/953 255/283/954 257/285/955
f 257/285/955 255/283/954 260/288/956
s 237
f 235/263/957 224/252/958 141/169/959
f 141/169/959 224/252/958 142/170/960
s 238
f 225/253/961 226/254/962 144/172/963
f 144/172/963 226/254/962 146/174/964
s 239
f 227/255/965 228/256/966 148/176/967
f 148/176/967 228/256/966 150/178/968
s 240
f 229/257/969 230/258/970 152/180/971
f 152/180/971 230/258/970 154/182/972
s 241
f 231/259/973 232/260/974 156/184/975
f 156/184/975 232/260/974 158/186/976
s 242
f 233/261/977 234/262/978 160/188/979
f 160/188/979 234/262/978 162/190/980
